1278419860196921347
1278419547146596352
1278317647327887362
1278264430980022277
1278262917360693248
1278099968830648325
1277470471877885952
1277410375810445312
1276376052819005440
1276328313443586048
1276228746144632838
1275259326983106560
1275247172812972032
1275064191343161345
1274486159910080513
1274397804102901762
1274379944647372800
1274374574482874370
1274347437973356544
1274319687208361986
1274258184480468992
1274243084843393024
1274123853715968002
1273916968316178433
1273898662482116608
1273640564450373633
1273599290263212034
1273585478961229824
1273561247133437954
1273525858175578113
1273335322412290049
1273312370358706176
1273245046658088960
1273244963741093889
1273241952083984384
1273224094117326849
1273219519545315328
1273216017670516738
1273214469926260736
1273199036854484993
1273193663028289536
1273189429423693825
1273188889771913216
1273179485731504128
1273163705014980608
1273161904014471169
1273142761542344704
1273140860092383235
1273131708565643271
1273128843990241282
1273128249644716032
1273117183346909185
1273116426325368834
1273109208817455107
1273108832785498114
1273102834670669826
1273101933591564295
1273082330488266754
1273079283708309504
1273078621494603776
1273077375266205701
1273069889843089408
1273051764078505984
1273041387777404930
1272986293442674688
1272966148380930052
1272940900377866240
1272938782573002753
1272930478815731713
1272924823572922370
1272923259667914753
1272922798353080322
1272915425555333125
1272908574662983683
1272908324011458561
1272903067806072842
1272902328962646018
1272895496219234304
1272894690308829184
1272892057967788032
1272891562142416897
1272890972200939521
1269618657249894401
1269041016574623744
1264596832090566661
1261658513396432897
1259598336308514818
1258803997554741250
1272805769906393089
1272777584514789376
1275882220109135873
1274734924147417088
1274232596134801408
1272486633175052288
1272425089146015744
1271804102054260736
1271623382627495936
1271482617242796032
1271480210215579649
1256756935484989448
1277512563690004482
1277353601640341505
1276520584499912709
1276316887022833667
1274849386237800448
1274430323711971329
1273878643983306753
1273421904527814661
1272902759080177668
1272249814386741249
1272223180774535169
1272039497434304513
1271960703725961217
1271959433464119299
1271830403641421832
1271687160681250816
1271438041186332674
1271430882100944896
1271273867579801600
1271270433594249217
1271118938093563905
1271071067751288837
1271069203567710208
1271033475781574656
1271029091383246848
1270826642378809349
1270818175337234433
1270812151867822080
1270771567094620161
1270708758642135041
1270691775884201984
1270669424731840517
1270666966219370496
1270664225908649984
1270651063318740993
1270633984091918336
1270632467213549568
1270626451088379904
1270619787723452417
1270607538216505344
1270596474334674952
1270578577734598657
1270574885157441536
1270569387964203011
1270558646762528768
1270474045587197954
1269962874098720770
1269265727850242053
1278381708023234560
1276248309624197120
1275820987808956416
1273583902469361664
1273548026297139200
1273119220897808387
1272836556231933952
1271624092379230210
1271050620993241088
1270834241077760000
1270357034014248963
1270234170435002368
1268136614196281344
1267917265036607488
1267022462149148679
1266600704128548864
1264014525231226890
1260711848766308353
1256767772970885120
1278413378848002049
1277448065897705474
1276420668070825984
1276339810018320384
1276157195982381057
1275774632096870400
1275115068997300224
1275102765690376192
1275075518132449292
1275057988814979073
1274977771106832393
1274876129443274752
1274872641829007360
1274846946029531136
1274846087958851584
1274822937435144193
1274473898076254209
1272528520359575552
1271624440955240453
1271412469781553152
1270030382788939779
1268061820507451392
1268061487613898752
1267921294739324929
1266989372420825088
1263210474193158146
1260528863978950656
1260116092212690944
1259815362448650240
1259753813545803778
1259625672894341120
1258980937452392448
1258816050570817536
1258040642539642881
1257961187750244352
1257325803240673280
1256513088448131074
1276889198805598211
1276768571754835969
1275746131415314432
1275185118617968643
1272924430050754566
1272519355759308800
1272464048634892290
1271777904981049344
1271624855817986050
1271505983941083141
1270987056248877056
1270981171099455488
1270729253466902529
1270382674146926599
1269078306936229888
1268450788486991873
1267674829110607874
1266989383552569344
1266490882850578432
1266025397721993216
1265852242801950720
1265654007000969217
1263339556067086337
1256066333277663240
1277634771011743745
1276207232967864320
1276088348101226497
1272888422072492034
1272628724333240323
1272138201910644736
1271625127986434048
1270378547304116226
1268452716386201607
1267394140519743489
1266022037627310081
1265629502475915264
1265585123405303810
1264893206371528704
1264564421214588929
1264188971795398657
1264128098548822018
1264014351037431808
1264003347343949824
1264003252489723906
1263900644458414080
1263891936898932736
1263865632191246337
1263787809829261313
1263707269163675648
1263452730053492737
1263450408980115457
1263429634974117889
1263428484744966146
1263374678854266880
1263218794530512896
1263178420726501381
1263157159363305472
1263118997286985728
1263115911902441474
1263111629690019842
1263104116043026433
1263064096104230913
1263049227170701315
1263023959420911616
1262995936940306433
1262879616651452418
1262822467011141632
1262744388842565632
1262633662698229760
1262585204482273281
1261711779178196993
1261013951883739138
1260939953388879872
1259932294132961280
1259831070947790848
1259766462463475712
1259285571135877126
1259121420271071233
1258661777509773317
1258343316514578432
1257925564205162498
1257703541789069318
1257658337690296320
1257658217703841792
1257658031871012864
1257657937696378884
1257445088298512386
1256565284611080195
1256514813670416384
1256514408173277184
1256157266887217157
1256073773041823745
1272862027875303427
1272698055574183936
1272114647055904769
1271625593805832192
1270684038550786051
1269041304689876992
1264027266817773569
1263418452146114560
1263360037885534209
1262730274426814465
1261588299715612672
1261166589140852736
1260985842891448321
1260659472701120513
1259412539638603777
1258342124724109313
1257658337690296320
1257658217703841792
1257658031871012864
1257657937696378884
1257607353676869633
1256629701637963776
1256514813670416384
1256511451671355392
1256511360860450817
1256507901536923648
1256358837835030529
1277448405158105089
1273223780798730240
1271626031263334402
1270226746936344576
1268632399556026369
1268365748562427904
1264496535687041024
1263717921941045248
1263602978063187969
1263485152124076032
1260789938057961472
1260677617251999746
1260564881364979717
1258320591481966594
1257399220165804033
1257020317911965698
1256704609919221760
1256511451671355392
1256511360860450817
1278447709507194882
1277448531758977030
1276983651771846658
1275452094577696770
1273590034554388485
1272424207100588032
1272042976097832960
1271626492653568001
1271506581352562688
1266406567416664071
1265297184808976384
1264875763855003650
1263797482326159364
1263590391124758528
1262983137094594561
1262294925506306049
1260408726311391236
1260404333998292992
1259873297371725825
1257664039892770816
1257569086801764352
1257511013227720704
1257261751080493059
1257253088685109250
1257232683362660352
1257193535280824320
1257192723661983747
1257173494564937728
1257172404637323264
1257144172236042242
1257079462748844033
1256992093102395395
1256647365001437190
1256592574543917059
1256556232510369792
1256556067565088768
1256555943187189761
1256043255852158978
1256031769884852224
1277448698734219269
1273949450499698693
1271626851484602371
1270113720216289280
1269960782781046784
1263953339500261376
1262619649163833350
1262307199126290432
1260436481874841601
1258049296521400320
1257435597771333633
1257399649230622726
1256514621533556736
1278376847366111233
1278200653232259072
1277651898942644224
1277256526898458629
1276474517192351745
1276213490286551042
1275930889726255104
1275640171216633858
1275579251987644416
1275481553003560965
1275291205639778304
1274927632921038848
1272970149193121793
1272856879107112960
1272556905685291009
1271910749242261505
1271571532637184005
1271427574376345600
1271408898927472640
1271069303979335680
1270781865583169536
1270542396116340737
1270508821111242760
1270473905669636102
1270425500490612738
1270223458677321728
1269713838217334784
1268832272695861248
1268818340811866114
1268681056590295041
1268617403568541705
1268201378272378883
1267893750115663872
1267460982554722305
1266362316456701952
1266198505468674054
1265494038838341632
1265260571747811329
1264926045276422144
1264244698073444353
1263649035912650752
1263639168703516674
1263539434781380609
1263498374629728257
1263458257894588417
1263209103217659904
1262657276332081154
1262594639900684289
1262541401000009728
1262449052534349831
1262426622583586816
1262401910172266496
1262367942932672513
1261758604899692544
1261170529232252928
1261088630069575680
1261018844048568321
1260958031518609408
1260271741915541505
1260158963150204928
1259834914507313152
1259784615268622336
1259485132819324929
1259260648132919298
1259249301852692480
1258924726350643206
1258910076896714752
1258833508006535169
1258033346678001666
1257826032830251014
1257802371301859328
1257800353711640588
1257793643815022601
1257607679767347201
1257603958983589888
1257491203920191489
1257433388291624962
1257407776155992071
1257093618092765186
1256919648152453120
1256906683655368705
1256800690011115520
1256707391527227399
1256304231109267458
1256057696509280256
1278366477897400322
1278354172635684865
1278346416386121730
1278344168520265728
1278280762731589632
1278229994037112833
1277980019331969026
1277979011126190082
1277924504618983424
1277874049763274752
1277836121523838976
1277701297249169409
1277674518874517505
1277616733696786438
1277609829809491973
1277604104227786753
1277314843884863488
1277162647025147905
1277069519756951553
1276983131241803776
1276818741171417089
1276724768759336961
1276688911285121024
1276613927821103105
1276581252074803200
1276557235762589697
1276555408379871232
1276532466803712005
1276461814843355136
1276424905349894144
1276363981360267269
1276320851022032897
1276285151543091200
1276227462498668544
1276205930192031746
1276166388101664772
1276153070364372992
1276142298049511424
1276133260582457345
1276098447901220864
1276095900826230788
1276092676102897664
1276074929998397441
1276032988510253057
1275994059534766086
1275846360722522113
1275737704337231872
1275572279393599490
1275466717112807426
1275459885342351360
1275455471433011200
1275413499905277955
1275412245518995459
1275409530558599169
1275220849927258113
1275206874615472133
1275168546386071552
1275139202817167360
1275080773545029632
1274906563736674305
1274828334980124673
1274805087269875712
1274626149641883649
1274564442458488834
1274298028703117315
1274236731986866176
1274030058450141184
1274000443060948992
1273999504593883147
1273914508013174784
1273896595851866112
1273825605188898821
1273611630522269696
1273553195000832001
1273396772036100096
1273369973981884422
1273332976676372482
1273236678505889800
1273212222345367552
1273180090466209799
1273132719665557505
1273121002172690432
1273064537441267712
1272847978005516288
1272692720591671296
1272586093272031232
1272528100492865537
1272221773329657857
1272212360732835840
1272159069223227394
1272113982342488064
1272022118419640321
1271791941261209603
1271615708170981376
1271551870394404864
1271524778747273216
1271460037236592640
1271451357287870464
1271423599837143040
1271240403954458624
1271233230964789250
1271185796033175552
1271023460131594240
1270847168711139329
1270735374894104576
1270721915687104512
1270704212553261058
1270535507403878400
1270533428446990338
1270495848997310465
1270432755399241729
1270408062898225152
1270367313578033153
1270240385042993152
1270045507247722496
1270041014812602370
1270031250720460801
1269985453991555073
1269984564019032066
1269569011873955840
1269345170387988480
1269249632145510403
1269070467572420610
1268923337155268611
1268916867164516354
1268842488980221953
1268702967563194368
1268702744870678528
1268607167332077568
1268564102617665537
1268536679968788481
1268507841528098816
1268484523211317254
1268432090204274688
1268292388759339008
1268261925466628108
1268258282050736128
1268246659940732929
1268224832380043264
1268178503838687235
1268147012723249152
1268039880929456131
1267999920306507782
1267997210760884224
1267980927243882499
1267962370900533248
1267846852814274562
1267793949713936390
1267781156889649155
1267629768343724032
1267552274819227649
1267525915996807168
1267520350977355782
1267513830508310532
1267512407590678528
1267492784925179904
1267489635313352704
1267436781684867072
1267330270258098178
1267234382772871173
1267165085778219008
1267133500747968512
1267025522636156928
1267005331529498629
1266971932660043776
1266879843557400576
1266788876561141760
1266469820138020864
1266421263699972101
1266280166994505728
1266178741799202823
1266146204770947072
1266105858183725056
1266017203163262976
1265913143726706689
1265865263762866176
1265668003301130242
1265627593732026370
1265604707155947520
1265518354498031616
1265445137292775424
1265360933213388801
1265337810824790017
1265336863616720896
1265287350780747777
1265275705568325634
1265240722334117888
1265236229676830721
1265200407380451330
1264972378104197120
1264846216761872388
1264573149976440834
1264510331184799744
1264411446470819840
1264408243175997440
1264315211684679682
1264311672057069568
1264249669044977669
1264109691371753472
1264034428671553536
1263985744940589058
1263573756460613650
1263485605507297280
1263467076905324553
1263427930643787776
1263314833287479296
1263254351507623936
1263200300288131076
1262987981167529986
1262906485647998978
1262886029641555970
1262735825789313024
1262717371191635970
1262667555585622016
1262658071207215104
1262655167893082113
1262563984219217920
1262470320247750656
1262440314800930818
1262430229857009665
1262423041449119755
1262227120270438403
1262024407410782208
1261905488448552960
1261903226330329091
1261873232065560582
1261774166816100353
1261693709470633985
1261662317332189184
1261485343578169344
1261363160696537088
1261312282396631040
1261097997095653376
1260942686284103683
1260920875165024262
1260736789993500673
1260697816428617730
1260634366851584000
1260609712359444480
1260574346696892431
1260556774110662657
1260549493696708608
1260525408606474240
1260362499481731072
1260251993706319874
1260221547740004352
1260189996587286528
1260043720155684866
1259941592154210310
1259848167555727363
1259839012950466560
1259739644981215235
1259647001186242564
1259642066663079939
1259476884817141765
1259155924117270528
1259110422386335745
1258901085449850880
1258865621154050049
1258787515592572928
1258723741594509313
1258641676882468864
1258431907135619077
1258396834688614402
1258349086597615616
1258333142529609728
1258302427524149248
1258088452006051841
1258052544309288960
1258001929986342913
1257951720182874112
1257947378965000192
1257939339465515009
1257770744077070338
1257745344839983105
1257712374087368706
1257690808351969280
1257569114328952832
1257555994575429632
1257492574140379136
1257449151245287430
1257424729994072064
1257307910134087683
1257280130864549892
1257276163296243715
1257247395819081730
1257225159917723649
1257210357736595457
1256817478006476802
1256796066445324288
1256546598030622722
1256479905543606272
1256325176595120128
1256310677787955200
1256276448995770368
1256257995039813632
1256170808743006210
1278335885864587265
1278111141517045761
1277886293096173568
1277696869225959426
1277286871651975168
1277098390099308550
1276778381288374277
1276189047795453952
1276170549463564288
1275866116724850694
1275803315356471297
1275043488049094656
1274814334976262151
1274295586343305216
1274246755131944961
1274046103734771712
1274043364149653505
1273747534045904896
1273393780260048896
1273360744701181956
1273331386733256710
1273146775055020032
1273126200655912962
1273030513180078081
1272758136160628736
1272694132952236033
1272251924465803264
1271989627373662208
1271942667232899073
1271777684520144896
1271774995417620481
1271733490778640385
1271594561152749568
1271497734302740481
1271463357980254209
1271156603220361223
1270991786677202944
1270775580154310657
1270554326612578306
1270528229074448384
1270468710638256130
1269790227503222795
1269676354678558722
1269660260299669504
1269462319001563137
1268836461375340550
1268801875555516417
1268552197639294976
1268516049932234752
1268406827915505664
1268317951377039361
1267962513074905088
1267674688756412416
1267551479776370690
1267482404912082944
1267465379766579202
1267269182166405121
1267237406056558592
1267178201140342785
1266683156586995714
1266464050218700803
1266387840990162944
1266168675838693379
1266048397129199616
1265298431670734848
1264468665153531904
1264265064254771200
1263539163384606720
1263472203158507520
1263409899582570498
1263122359994781696
1262796000642715651
1261922364876521472
1261869062805688320
1261712615950159878
1261615491610787840
1261394282763571201
1260903671900114944
1260479816299659264
1260417842836656138
1260399734310633472
1260202624667791361
1260009210831491073
1259955005387354114
1259922573019754500
1259906460344938500
1259853748714770433
1259333695611105280
1258703486893666304
1257893181313683459
1257640892619513859
1257417920751316997
1256420855829204992
1256274795550986241
1256189713121251329
1278470852540055552
1278470254713159680
1278461113311641601
1278459239565049862
1278451288569675777
1278443326916747269
1278440556188897290
1278440187471822849
1278437350264188932
1278425276884680704
1278419644852797440
1278417182469378048
1278410646116163584
1278403684154605570
1278403511600939014
1278402935542734850
1278379352342720512
1278371916332568582
1278367807575601152
1278363518228729856
1278361038866526210
1278357477881450496
1278345269751492611
1278343842060808195
1278333922158444546
1278327867307372551
1278306632288604166
1278304025495121922
1278293532768456704
1278273672638132226
1278259677642579969
1278242296509726720
1278199580107120646
1278168876027650049
1278157329490309125
1278147796047020033
1278118663913177089
1278115473129795584
1278112813333000197
1278112321118838791
1278098269294358528
1278097090309009409
1278071535702618118
1278071380161048576
1278067948951912449
1278064487552163842
1278048379839434753
1278046609692123137
1278041917738147841
1278035386573492229
1278027816064475136
1278013357283475456
1278010271806689282
1278001584086155264
1277991766013116416
1277990628899663874
1277972887857541121
1277971471558561805
1277967714741444609
1277953220124475393
1277949937662164993
1277939161530544129
1277912369973407745
1277896496105562113
1277883301055934464
1277879138339168258
1277826700932505601
1277813891041550336
1277806589378998274
1277776594212397056
1277774474910171136
1277766363994640387
1277760718415245319
1277758810480836609
1277758619858219009
1277757167387410432
1277753959910957061
1277744461716455424
1277742490863333377
1277738261071327232
1277728170729496576
1277724276636991492
1277720627814846465
1277713993277116416
1277703879925346304
1277702571243732993
1277700619344785409
1277691916717604864
1277689232560185346
1277670722731683840
1277654085601198081
1277652701094920193
1277651744084971521
1277637977469050881
1277625417537597440
1277617484124823555
1277614612309999620
1277610454387437569
1277610026404917248
1277606870262312961
1277596273294491649
1277556907876790272
1277531973959987204
1277497628973039617
1277425461501493248
1277397921827176449
1277396689914146816
1277369177691402240
1277330424256028672
1277312420852178945
1277312237644865536
1277305727854534656
1277301895007215616
1277290970346897408
1277280349022826498
1277266784282832897
1277265679318765568
1277261693937123330
1277256044968923137
1277252248846962691
1277249385043308546
1277230616191414272
1277211796932374528
1277201369628389376
1277199351639654404
1277175384715530240
1277138165451632641
1277131840730599424
1277065822872072193
1277033220433993732
1277030363748065280
1277022910486663168
1277010178169139205
1277004962287976448
1277000426571927552
1276993910385098752
1276987862945280000
1276965433120301056
1276964641009262592
1276963648200749059
1276953197312004096
1276939768669052928
1276938795120820224
1276930226564431873
1276927041040838657
1276914694524227584
1276902045287682048
1276889407770017792
1276886692440543235
1276873753616670721
1276852097535938561
1276834267864150017
1276768267814789121
1276737996742692865
1276708307982356481
1276694925279555586
1276691189144535042
1276652493527801856
1276651491311353857
1276617381062770688
1276606256384360448
1276583020619849731
1276568873425305600
1276550444479844352
1276549651265654786
1276543697832808448
1276538493246767105
1276516704957468681
1276515559362965507
1276505451736285184
1276459009373921283
1276435945181663234
1276403128372326401
1276402663823798272
1276362650725675008
1276348616463069184
1276333171710124032
1276331421410316290
1276311046676979713
1276276288244928512
1276269880514424833
1276268020676124674
1276248800789749767
1276247170749005827
1276223825793839104
1276216290093514762
1276215601241915397
1276199119019814912
1276197671632429056
1276197610735505410
1276196073514717184
1276188084602798080
1276186532961873921
1276175589641076736
1276173226171863042
1276172898768748550
1276172896298287104
1276160169488060420
1276157188311048193
1276153234252615681
1276139933133164544
1276131576632479744
1276129936827441153
1276112832682221573
1276094429900791809
1276092415493931009
1276082964980363266
1276072487260958720
1275989354423484427
1275989045080973312
1275976696269647873
1275955056894980096
1275954725855338497
1275930772365553664
1275927655569862657
1275920536493645825
1275912616104394754
1275911884336762882
1275903895278149632
1275892873817288704
1275886587302289410
1275838318580809731
1275836087689076736
1275836080986734598
1275816716858044416
1275814848534904839
1275814041785708546
1275813572946415616
1275811101477756928
1275786970816339968
1275780684175609856
1275772155784048640
1275760831704285184
1275756412581416960
1275693305611812865
1275692489907802114
1275672463330992128
1275668593410269187
1275667941237960705
1275613756811350016
1275595171220959232
1275595167936868352
1275588800236879872
1275557915869564928
1275557722012835840
1275546422386012160
1275540194704359424
1275535283426078720
1275494448496095234
1275494335509860360
1275490451789881344
1275475285547216896
1275459741041389570
1275452235237912579
1275441733476552706
1275439244157128713
1275420363099381763
1275418780265590784
1275417998803730432
1275413996804374530
1275406151983775745
1275394101781729280
1275362738164752384
1275280068097409025
1275240600363769858
1275231120712441856
1275217363315625984
1275192979083255808
1275137291611144192
1275121653421350912
1275099313064968193
1275077356739125252
1275068650509107201
1275055769411444737
1275053813171445766
1275036863112155136
1274927856766746624
1274896295472377856
1274840764418265094
1274832039481573382
1274828323508621312
1274780554655924224
1274747032633323522
1274733909364752391
1274731763621822471
1274724357978370048
1274718584825143296
1274705245461811207
1274674934376210432
1274636695359623169
1274613050998501381
1274463439423893504
1274449943969910791
1274428192456151041
1274416451210874881
1274405688442265601
1274351821914431489
1274336402721947659
1274301522332061697
1274235938185465857
1274226114517336066
1274140194086817793
1274116022245752832
1274096329535324160
1274094463741095936
1274051980604792832
1274050872440479752
1274047032664051712
1274045995505106946
1274022026383167489
1274019190412914694
1274005586766635008
1273948977432576001
1273923310053732352
1273920741780619264
1273886451613065216
1273805678038089728
1273796542420389888
1273760619607592962
1273747956471140353
1273734534693924864
1273713025116241924
1273712419987173377
1273697346526818305
1273674995328323589
1273666123377057793
1273660835441905665
1273618930893029377
1273576888380854273
1273545058877308929
1273437647583580162
1273380897048403969
1273329566975655936
1273321298610003968
1273320859911032842
1273316861917224963
1273312801067380738
1273284893519294464
1273268613445713920
1273239075760140289
1273237855096225793
1273230994666131458
1273177333260791808
1273164232297713665
1273127749318819840
1273097832740896769
1273017281459761152
1272948673031307271
1272945611503996935
1272933564867244033
1272879773929426944
1272878699457720320
1272838145780875264
1272726732601126913
1272719022304505861
1272717910146875392
1272702347580452865
1272690127287078915
1272635532519133184
1272539137380319233
1272538230802563074
1272528536536928256
1272476062115561472
1272475035484258305
1272467938256269314
1272336750061314048
1272307234001821697
1272262553188675586
1272207797686435845
1272202611249250306
1272183450238410752
1272183000705519617
1272179036765278211
1272177193263796224
1272130174956507137
1272126454608867329
1272085836767649792
1272027573522817024
1271964045487243264
1271949749906784258
1271941983221755904
1271939344476114945
1271922817999736834
1271873748723892225
1271821366824767490
1271756570544812035
1271724231412404225
1271697748232769536
1271670872261029889
1271665649782157318
1271635074371420160
1271619162713075712
1271592575359758337
1271587089168154626
1271576049005051905
1271507336851587072
1271468285779939329
1271465271014961153
1271457939031760897
1271361445574385667
1271357434502799360
1271304789297528839
1271272754877214720
1271268796792217602
1271209255765528578
1271208290131869696
1271170325804351490
1271169623023550465
1271156456218177537
1271137504410779649
1271131993808547840
1271109215755608071
1271082466795589633
1271081122689097729
1271057970378543108
1271044305084350466
1271033996122763266
1270984791576514561
1270983577103151104
1270982177199710209
1270981939491676160
1270962720179843077
1270954555111432193
1270947944687112195
1270864658266800129
1270860867203223553
1270853343209013250
1270850200962301954
1270848194214334472
1270839416743964672
1270834880318930947
1270831353496387584
1270813356870512641
1270812135476670471
1270801014178942978
1270794106688671746
1270791330164342785
1270789793983672320
1270787626606440448
1270787416169656320
1270779839906226177
1270775529319231489
1270769248886034434
1270768036476342272
1270758276364472320
1270753778673672193
1270752636862636033
1270750973263216641
1270750417970851840
1270744023217643520
1270717649077415941
1270708660130504704
1270704437577818113
1270703256411475968
1270694703776882690
1270693154698788866
1270686277579476992
1270669000100511744
1270635466912481280
1270615864824430593
1270613834680504320
1270609746102382595
1270605557112680449
1270601633311993857
1270599001935507456
1270593835819773952
1270563515095568389
1270562599692914690
1270553503799410689
1270551260421394432
1270540736589516801
1270537507571224576
1270529625018388482
1270529466209574913
1270526546189705218
1270517420642328576
1270517042500653058
1270505995308093441
1270499555012837377
1270499143434350593
1270499030980866054
1270497670004531205
1270471326734733314
1270469993415806983
1270467936700919808
1270465579909107712
1270464441822384131
1270460790835986432
1270455262135169024
1270447288255746050
1270441786956304392
1270435694058647552
1270433565335973888
1270423480526307328
1270419141355159553
1270418906235240448
1270417362236387329
1270417280606842880
1270338944647999491
1270316122718470145
1270302624814903298
1269984675008860162
1257080846516924416
1273503387909308423
1272543530653831169
1269320908637904899
1270400067887943682
1278302223806717952
1263981429597384706
1260587610856177665
1256259379856277504
1276001191235850240
1275321634652594176
1273509497789657089
1271848357837901824
1271470825678475266
1271244306372845574
1270187213217837057
1268496233024286720
1267846511183966208
1266185362218651648
1257345625085087744
1277885535789481984
1274947793208164353
1267017753208242176
1265961882269159424
1264160129869627392
1262000889000165376
1261252637435080706
1259581504461713408
1278266395759968257
1275699166661029888
1272843215989809162
1271168796745773056
1268450571188686849
1268042350397460481
1267091448152940545
1266431513559695360
1265581319138029570
1264448721623945217
1263014105943805955
1259987939985108994
1259918337431212032
1257275615478190082
1273922139226284034
1268042350397460481
1266738037540691969
1266693200388947970
1266007616490176512
1265829032895172612
1260784398162591750
1260680649238855680
1269977166483202048
1256267205852962816
1273030101379284993
1274841553719230464
1272068281898164225
1271533268312219650
1269979082915184642
1269824417087074305
1260606035095674882
1260399377572659200
1259957409268805633
1258487399014858752
1258050666058088451
1257301666124054530
1256331333309095937
1256013495029678080
1277024711356977152
1276349944824201216
1272387311632695297
1271533268312219650
1262488449438941196
1261300057913069568
1260259693458534400
1257988801793650689
1268792610937868288
1275041557670793216
1273224878959792129
1275722432800841731
1269512067809189890
1273863933816967170
