1278451055425093634
1232051346796371968
1223640662689689602
1232050502025781257
1263514808109989890
1257792550456483845
1236975196642390022
1250201276412985344
1244732533943799809
1236437724984479749
1240701140141879298
1263664376428539904
1245743196530933761
527110542008549376
1257783504202596352
1236933818654896129
1245316635373731840
1224773517704679426
1250234581556629505
1245863066270490624
1240408437516877824
1240377636083433478
1244742999059369993
1238410044263333894
1252870171422715907
1245863474162331648
1252351144342380546
1240666763425128449
1253018667165593600
1252414298594238467
1241938116757381121
1240539885133537280
1253528998988013568
1264723749762301952
1241925826171539456
1244782872076128256
1246109260104294406
1253018959491858432
1242422188701102081
1276629360212979712
1240417970666369024
