1300479046636179456
1300401882066825217
1298960028897079297
1298843581596262401
1298802468730667008
1298551702061228033
1298371227002830857
1297962523413614593
1297917853643964417
1297847142351085568
1297422320580153345
1296743182592548864
1295623638457159680
1295534320568774658
1293347601501184001
1293331007333175298
1293221130971385859
1292816631652069377
1292176685685772288
1292119263059283968
1291810681537339392
1291765993539276800
1291681852579872768
1291555312202391554
1291406777045733378
1290694486364786689
1290264687989252097
1288957347545731079
1288634092918054913
1288579177063604224
1288283175878373377
1287746127660376065
1286911611622559744
1286753722056544257
1286413096777637890
1286316624191135745
1285601602452299776
1285579308052779014
1285182080343842817
1284904510251507714
1284657072915677184
1284551729493823498
1284258818021642241
1283997783960117248
1283743289565478914
1283449237515239425
1283224234635022341
1283028776956329985
1282684417958391808
1282664471014420482
1281895001371410434
1281431797260341249
1281409719308103682
1281008871516131329
1281000710268686336
1280861762385035264
1280842792823029762
1280617357736624129
1298802468730667008
1290264687989252097
1288634092918054913
1288283175878373377
1283028776956329985
1297847142351085568
1299161972231950338
1298790245505421312
1298448557255659522
1297927619850186752
1297882254325223425
1297530526388060165
1296412963994247169
1295757162996801537
1295298892280614912
1295027898257035266
1294767688858779653
1294717980966887425
1294704713498267649
1294356461456326657
1294348432090394624
1294331747367190528
1294024101858652160
1293999208245190656
1293452948815646720
1293209001719627776
1292934128300695553
1292834968994021381
1292783181842849792
1292647250032603141
1292126285083353089
1292012135061561345
1291761416924549120
1291114454105505792
1291104242346983425
1291025039219757056
1290919914585260032
1290749995503755270
1290389794607058946
1290323305233297408
1290139367483179008
1289975416397025280
1289411255904526337
1289278994257285121
1289064475103055873
1288943774358474757
1288676070829379585
1288657575928459264
1288521130333089792
1288202566703120386
1287851699827343361
1287686145568944128
1287166538798243843
1287081677538447360
1286805064632344576
1286752864702889984
1286678580311752704
1286523389239152640
1286346356060237827
1286341419003764737
1286233481291403264
1285894551849144321
1285229601434763266
1285104426940760064
1284870062449602560
1284698180911652870
1284087180428824576
1283449268108394497
1283415976374153217
1283228044082114560
1283188389043245056
1283013338335793153
1282953762131316736
1282771986306015232
1282689781571432450
1282254137493581826
1281770943346401281
1281551610116808705
1281209649547501569
1280981586142347264
1280940857428971522
1280671266232565760
1280578758185938944
1280527133509468160
1280233264578465792
1280213664344281088
1280028110075899904
1279711215011483648
1279389796629176320
1278630912696123392
1278497849660112896
1298385638236930049
1298297936414154759
1296230829874483200
1293912540238368769
1291515249988898816
1291322759532785665
1287931708004880385
1287732650321551361
1278731221938458625
1278488467815591936
1283294899027054592
1298657847157362689
1294631237273952256
1291986164744937476
1288524986299244545
1288852160621543424
1300083610356264961
1300023757021622280
1298258957924888585
1297267503589072896
1297229977893531649
1297229812503736320
1296654807273336835
1296490130040139778
1296385181239083009
1295893584252678150
1294327018574827525
1294179713129357312
1293429399661019136
1293046604677746689
1292858842842304515
1292366536020127745
1291957416247136256
1291839928112996355
1291573953882988545
1290618194554769410
1289994004797493251
1289649547858206720
1287896051236638720
1287308595894325250
1287233183579283458
1286321559158820868
1284607755886579712
1284250386493210624
1283839559827107841
1283685525182836739
1283545792465326080
1283396590087008258
1283395460468805633
1282478153907048448
1281960761460273153
1281501558551777280
1281196416862490625
1280646149855047680
1280114448775118848
1280066413554593792
1280041633954717697
1279892046493474817
1279388674925477889
1279206547202035712
1278793093018456067
1278156502428073984
1300539925993943040
1298629447504076802
1298082533091848192
1297938723372437504
1296772538001842178
1296470870773432324
1296179404859756546
1296175144323424256
1295883690577408004
1295756916350750724
1294758817813729286
1293838883432538112
1293577797257113600
1293325043150266369
1292987426445709317
1292875049523978245
1291172504061476865
1290989913001820160
1289017356748853248
1288895725108187136
1288298771760263170
1288166351408898049
1287207694340775936
1286734118135496706
1286455394873806849
1285706719377666050
1284068376650883073
1283575250806951938
1283460591437279232
1282381832168845312
1282261820036743168
1281846003872796673
1281401342200881153
1281316366914596865
1280939855162363904
1280545171202084864
1280518973080121344
1300539925993943040
1298629447504076802
1298082533091848192
1297938723372437504
1296772538001842178
1296470870773432324
1296179404859756546
1296175144323424256
1295883690577408004
1295756916350750724
1294758817813729286
1293838883432538112
1293577797257113600
1293325043150266369
1292987426445709317
1292875049523978245
1291172504061476865
1290989913001820160
1289017356748853248
1288895725108187136
1288298771760263170
1288166351408898049
1287207694340775936
1286734118135496706
1286455394873806849
1285706719377666050
1284068376650883073
1283575250806951938
1283460591437279232
1282381832168845312
1282261820036743168
1281846003872796673
1281401342200881153
1281316366914596865
1280939855162363904
1280545171202084864
1280518973080121344
1291701648289660928
1286992485487714304
1285903452942372865
1278675407957450753
1298155212239036417
1290300458959900672
1290282578591641600
1290281356677677056
1287885247636439040
1282097450942173186
1290831608572870656
1289225423910367233
