1299730373748948992
1298537500152139776
1296982185866604544
1296589694780809217
1296197044839821320
1294173774816976896
1293388582024024069
1292241021867307008
1291833359673556992
1291425649215905795
1290640502375710727
1290232780161310721
1289432542983012353
1289024800082538497
1289024798778064896
1287107206052294657
1287107201346265090
1284042020609236992
1283619176939126785
1293805040763895809
1293265020944621569
1292944851445485568
1290755971287937024
1290557398130851842
1284396836367851527
1283990272674856960
1283672029032599555
1300441098884657154
1299209996010500096
1296564162374569984
1296483288849293313
1296435073496109062
1293261490368262145
1289060525687676934
1289107889961959424
1285850400474759169
1284768945392754688
1284759207779205120
1282222505672024064
1282060431385919488
1297189289747513344
1297019670709575680
1286571130266894336
1291736891918884866
1291019363726708736
1281847813878566912
1279402748438593538
1282721768134840320
1295669455880704002
1298749761042997248
1297915229423071232
1297870319399690241
1297763048115953665
1297648824756797441
1297648328763637760
1289894134493270023
1289392076426100736
1288872769678008320
1286964422439833600
1286828526415511552
1286747995606786049
1290249527979462656
1290239666596114434
1285760854722478080
1280979352042106880
1280894464505118723
1280757612217171968
1280499491163049984
1280386868098498560
1280386194618998784
1280380957787172865
1280326563784011776
1280287066446856193
1280262797088169984
1280257774111293440
1280597155695091712
1283810618189938693
1284985315170480129
1284910956846419968
1278769337784872960
1280457678142279685
1279512344075341825
1279460543179431936
1286146782355812352
1278274366313304064
1297044973968400384
1291909515689033728
1288572820159713283
1298228668204896258
1282020270010580992
1281602725348872199
1288127153729486850
1284223895407603715
1283883665638948873
1283882623744512002
1283876325518970881
1284382413506908160
1284382412579930113
1283959634433396738
1283959629203087363
1281829444043382784
1280865306475454465
1282419733749542913
1288996001664172037
