1236981260637155328
1236988946900549633
1236989503975366657
1236994279534407680
1236996126445907970
1236996557158977536
1236997599774879744
1236998696123891712
1237004686428790784
1237005705753870338
1237014054889086976
1237015015791755267
1237017577131585536
1237020570077855745
1237346357909676032
1237364785357848579
1237377589473239042
1237492180534648838
1237792397523849216
1237807815512797184
1237823037229187072
1238019232564117511
1238096041620242433
1238143047419998208
1238325421487382528
1238343889318223873
1238503436074844161
1238527431369080832
1238593149183778816
1238608809440018433
1238836407562616833
1238841728402165760
1238845850224336897
1238872141992345600
1238946484722245635
1239074824166621184
1239246209568714753
1239251501933092864
1239305239976697858
1239338145033760768
1239451684449013762
1239643314648952838
1239664329013596160
1239669021068279808
1239675410390102016
1239921437097578497
1240038306399870978
1240241192106962944
1240444334014705664
1240545186561888257
1240699014154080262
1240818177040199681
1241122200599461888
1241195318894563328
1241298051576123392
1241619610555879426
1241954604742365184
1241971207265804288
1242078415097921540
1242246852835074048
1242305127131885569
1242323123782864896
1242406745265393669
1242591999049465859
1242904097159774208
1242952926458515457
1243440930301956096
1243522139052863488
1243553495346827264
1243916581949911045
1243981545213513728
1244095421691166723
1244219915093127169
1244235592772268033
1244275670718562304
1245773662327697410
1246035787780685826
1247667770940153858
1247954864484700160
1248692142752452608
1256112715883479046
1263718590185783297
1263731789778034695
1263777248517206018
1263862135098130435
1263862594793848832
1264038276895109121
1264167797325774849
1264228052600451072
1264408359421304833
1264408515306819592
1264540849146343425
1264600289698603008
1264600308308742145
1264600311949295624
1264646397418262528
1264683696365473798
1264708711664115714
1264784160335544320
1264891313922674690
1264943246586843136
1264973213328486401
1264983385086332933
1265021667337818114
1265037283847110656
1265055257840758784
1265099236082769921
1265105432722505733
1265184542140190720
1265220917011103747
1265232570209402880
1265280247844335616
1265282197436628995
1265298532937928710
1265314331375345666
1265405668028276742
1265427830185263104
1265450426830336002
1265513354195542023
1265549863900585986
1265551986428182534
1265561016856961024
1265609633412112384
1265618563601182720
1265630475462180870
1265637432491474946
1265646007204880384
1265658151375904769
1265668503832494085
1265696650875613189
1265735795773710338
1265772711726415875
1265930761162690561
1265945274041733121
1265948552427118592
1266038793775263745
1266044327500951553
1266067784938729473
1266071056588197890
1266117651186757639
1266156107661279240
1266164930501201920
1266183520872837130
1266198857169489920
1266245890563428353
1266260702634754049
1266381181433589760
1266419064785666050
1266427515704414208
1266501113320275968
1269201931286839297
1272784948655726592
1272807396814008322
1272855969660354560
1272867251264290816
1272869963532046336
1272876751723663364
1272889278780096513
1272891966976593928
1272896010637934603
1272899227207729154
1272904381407596544
1272913852066222080
1272916281327595520
1272920076132458496
1272925931212951553
1272927342114099200
1272959286939877377
1272964427021680646
1272978965796249601
1272986204452028416
1272997121269084164
1272999676476821505
1273000131063881738
1273005687489073152
1273016334255828992
1273020351493046274
1273051070856663042
1273071346369658881
1273077731048095744
1273098825432010760
1273101522612686849
1273223511528570882
1273286418312433665
1273318485234528256
1273322820337053696
1273333215927951365
1273361628654825472
1273363190777352193
1273370197416697861
1273478235632762881
1273590699896770560
1273602773096030208
1273691182040743942
1273694761807949825
1273700548102021122
1273713346630627330
1273723261864599554
1273734766613929986
1273753757696831489
1273764452194795521
1273774536190763008
1273783109830533120
1273790199923761154
1273791600532094978
1273794611761250305
1273809400294236160
1273844619550351361
1273862861060632579
1273885784765009920
1273917619956047877
1273927629251338240
1273929743646277637
1273950399486099457
1273955095814832129
1273975172786159618
1273975258865860610
1273981102957293568
1273990727698051072
1273992573271474176
1274011324440346624
1274043963692003328
1274054382708031491
1274077863969464322
1274089985424142336
1274109737416581120
1274134367783305216
1274177086241083392
1274180206543228928
1274183362450722817
1274188485465763848
1274207390737391616
1274225283411787777
1274228441672368128
1274331084570984455
1274335123463458818
1274352162340892673
1274356422856171521
1274359449533263882
1274379509849079809
1274426731320029186
1274439613604483072
1274444450643787777
1274509492630110208
1274521751175733248
1274525692613582849
1274534998687617025
1274555321256685568
1274566750227648522
1274580443589836800
1274625074423881730
1274625338744598528
1274637116778188803
1274673436992737281
1274710807121625088
1274715861249658881
1274741235656404992
1274773405779193860
1274773617226596352
1274796902178082816
1274803512673808384
1274807314772627456
1274809325203193857
1274828957758550018
1274857050439397376
1274873665348341765
1274926593861877760
1274958658653302786
1274972221233135617
1275034332319506432
1275049795007197184
1275076794303971328
1275101009937870850
1275151728200089604
1275164153259282432
1275174685508923392
1275315149088292865
1275325486336339969
1275327561158049792
1275338000847613952
1275341823725232128
1275348070151012354
1275354226986758145
1275360966746619904
1275364989738639360
1275380202550562823
1275393989001252864
1275394869456973824
1275415058496008194
1275436966973079557
1275451388458201092
1275461468410900487
1275466105360773123
1275472975131631617
1275475837974913025
1275478328468619264
1275493729328078849
1275537543140966400
1275538378503499777
1275542683897884672
1275549546265837568
1275555548180680711
1275600004988764160
1275601088037584896
1275605477146144769
1275609645785235457
1275612131098890240
1275627513184690177
1275682661915340800
1275692161741262849
1275697549970673664
1275700070042779650
1275725315969617921
1275739818660515841
1275759806976888832
1275766274950336515
1275815997153345536
1275998279675916290
1277858050561339392
1279409468955033601
1279486477639041027
1279618028099993600
1280514443064082437
1280547099231367170
1226276322021978117
1237024396297945088
1237908607888433152
1238391373155295233
1238463535450996737
1238966945782759424
1239033176321855490
1239258931823808512
1239259211248349190
1239455006639534081
1239591630971105280
1240104744275845120
1241012686089080839
1242456815021031425
1242510467299282945
1242530771463790594
1242552635888107520
1243556772461400064
1244059192974954496
1244088832657686530
1244117732725084161
1244175908333912070
1244177738153381889
1244182692146450433
1244243450247229440
1244245165050650625
1244245440977088513
1244257008532021249
1244264210122641409
1244273896704049155
1244279624919478272
1245037399429660675
1246035544858980352
1251630141966606339
1252292603455983626
1252296393596772353
1253186044431790087
1253187830685167616
1253188942108606465
1253579202076577797
1258033892713529346
1258816877607952386
1260989279586725892
1261466564215226368
1261997903108808704
1262484186457350145
1262561691671371777
1264025691068215304
1264341697074302976
1264472192655347713
1264473897195405314
1264592535751544834
1264603860838109188
1264647065998680066
1264753585881055233
1264755258338824194
1264755833935728641
1264765578952269825
1264775337805783040
1264783759737421824
1264785147079131136
1264874290773663744
1264900208770592773
1264902497782677504
1264956485164924928
1264960250530193408
1264983355474563074
1264994908848435201
1265018091269795842
1265030858022543360
1265032919455870976
1265107197610123265
1265110544752586752
1265184776924786690
1265203803541827587
1265217914560548869
1265266012431233024
1265285137488625666
1265298550717628417
1265316639735676931
1265330904614010886
1265333569909596160
1265340130249801729
1265401691907788806
1265404119424040962
1265432228127014918
1265462941672976384
1265463353486405632
1265566034985172994
1265606272201744385
1265644906242080771
1265662696445353986
1265677236704808961
1265747017046921217
1265749337818054656
1265749352439562247
1265767818504568834
1265780393673809920
1265786192106156032
1265807007807877121
1265824387388837888
1265830206436077568
1265841155675226114
1265898557111926784
1266042655181549571
1266046113498509313
1266073441960103941
1266115418965475328
1266115551962656768
1266126382905675776
1266131245592911874
1266139298086215681
1266236725942120448
1266283473993494529
1266334434644635650
1266501378807119872
1272863253752958981
1272905464217579524
1273158903606493186
1273263614720389121
1273518726302793728
1273653701207605251
1273787925247991812
1273961942215000070
1274091221141471232
1274498358166597633
1274516359876132866
1274705219838980100
1274723942809235456
1275200010964131840
1275221429693415424
1275236744514830336
1275251639859937281
1275333766123106304
1275346630196072448
1275367039813578752
1275391734890090497
1275398195644792832
1275402433049399296
1275406924549242880
1275408253086658563
1275409288232685568
1275425898846535681
1275464529132941312
1275465645719576578
1275481652546826240
1275525477688463361
1275525849324929024
1275599596341923840
1275762721846419457
1276671101586857992
1277832454494134272
1278138776066326529
1279379870708125696
1279651599242219521
1279900080594706432
1280235576118181896
1280238137109655552
1280265660153511936
1280270363528658945
1280281235458326530
1280308314270609409
1280324022194995200
1280392808461824001
1280514443059888130
1280519049999519744
1280523268747739136
1280541235745370122
1280562374001389569
1280586001878904832
1280592097217781763
1280596889096744960
1280603434614427654
1280624272134688769
1280669090835828738
1227362900970479617
1228090968114651138
1228608922426249216
1232394717641334785
1232502381016907776
1234085077379768320
1234424425048612866
1234426459495829504
1234461652252164096
1235678045681242112
1236444108958269440
1236611740864933888
1236642166400790528
1236672034291085314
1236977805784539137
1236984749593370624
1236998020023160837
1236999200350433280
1236999540995170306
1237000651512651778
1237002987303833603
1237003959140745218
1237006487354060801
1237006854166847488
1237007353901285376
1237008246444974080
1237008573462388738
1237010829717000192
1237014941766307840
1237020148357140480
1237026251560357888
1237028252629323777
1237028380794654720
1237029730941100038
1237031327012139008
1237031489822392322
1237032658183520257
1237077239881183233
1237162253541093376
1237183935676854278
1237203857165422592
1237205429958180864
1237206971889180672
1237209834988191746
1237211465888739328
1237245195017539586
1237289389950001153
1237302298465964032
1237338002356965376
1237467299524665344
1237468740851085312
1237482162955472901
1237514121483915264
1237703963107041281
1237736747599085568
1237843967598678021
1237935982449758211
1238009566018916352
1238041668047306754
1238045465633054722
1238045828297695232
1238059000907927552
1238197929145442304
1238310975025164291
1238353416361054209
1238359456922120193
1238376620328718336
1238379973917978624
1238382132722049025
1238438195844591617
1238466594927529984
1238468238503292928
1238554502304841730
1238619202476478471
1238629216792477697
1238713849840312320
1238717116649373696
1238745986618535939
1238809945442865152
1238880683046481921
1238942940602351616
1238944219672215552
1238948596365524993
1239008578830094336
1239023166749585408
1239033211298160640
1239212133801496577
1239215761505153025
1239241668639051778
1239242047988604928
1239254433525096449
1239262184229699585
1239284414879801344
1239384026235850753
1239451208475185152
1239476963087192064
1239583904174157832
1239662258713546752
1239896668767739906
1239919197448175617
1239962496473026560
1239969185163165696
1240056496106254341
1240075586623680512
1240081757849845760
1240126260254257153
1240163100298555392
1240224416572805122
1240256939809898497
1240262524143947776
1240289277667401734
1240316526147670016
1240321068792979456
1240337834122321922
1240342028434604032
1240356026144239616
1240376659192111104
1240387269862789120
1240390259269140481
1240404427435126785
1240405296469721089
1240453318364856320
1240458387193643008
1240470388645269506
1240471072937406464
1240474853406199809
1240520233200345089
1240561029584584704
1240594725574340608
1240602951460114433
1240738899854413824
1240770353837867009
1240774974509481985
1240801028813008902
1240806732655235072
1240842491135328256
1240848811548786688
1240935197584920577
1241059910781153281
1241096678267994112
1241101175178461187
1241111024155025408
1241127490619232256
1241130601236717568
1241153119104335872
1241162682935304193
1241168349159014400
1241213126638354432
1241232637504569345
1241407742889377796
1241416889550725121
1241424355466317825
1241448478829576192
1241509050694713344
1241515509712998400
1241535575766839298
1241565758758379521
1241566309906886659
1241614378635374592
1241629527115268101
1241696915000979457
1241712446135468034
1241716448021512193
1241721717069766662
1241723513863647233
1241724082682343424
1241725154834526214
1241753508849860609
1241758173775740928
1241853498460954625
1241892202655162369
1241907435016728579
1241916300856721408
1241916762204954624
1241928919483179009
1242047110440054784
1242094134036516866
1242098433973870592
1242123241541365760
1242141543764541440
1242154513320030208
1242192478930898944
1242210819565391880
1242216078085959685
1242216732657242112
1242228008662032395
1242345823205126144
1242367394842058756
1242369403112419328
1242392995510595587
1242420192493342720
1242421654862659585
1242489418528808960
1242506222915465220
1242508947832967168
1242568237620924416
1242631580503248898
1242658038592520193
1242659593487966208
1242712716352966657
1242768398938849287
1242795670391537664
1242819124990021632
1242838008539340804
1242904602699165697
1242911008647192578
1242992684395978753
1243036240942788608
1243213880819503104
1243245670863122434
1243508579673329665
1243633910803599365
1243633973538041874
1243636847781089280
1243650754881056768
1243731594260578304
1243898862793904137
1243906399232569345
1243934288829018112
1243998219001970689
1244037797003923456
1244062255387377665
1244100793591926784
1244185618005057537
1244237157155430400
1245007395039870976
1245091744791707648
1245119497863749633
1245133059751653377
1245339250406510592
1245434871431880704
1245670163350872064
1245689245122981889
1245697896726421504
1245874150587146247
1245974647742423045
1246037538638356480
1246049102195904512
1246123542523129856
1246142515515809792
1246332318836338688
1246349166915104768
1246396108474966016
1246452042681516034
1246615739835928576
1246729443156078597
1246784967666884608
1246890808621412352
1246952140997709824
1247043807998144515
1247175598100938753
1247423689789853697
1247457909769785344
1247796696450355200
1248010996137865217
1248166413484699648
1248373923210645509
1248397936775401474
1248605190455877634
1248730267302363141
1248747650108674048
1248756439713079296
1248758617496408064
1248760000278716416
1248766581942800389
1248840898240065538
1249075173808132097
1249378182274449410
1249472286526042112
1249575128888799233
1249830582118301696
1249850343661260801
1250195724458844160
1250334807352938499
1250356481133817857
1250467579988258819
1250646698717859841
1250983618568024064
1251010455797104640
1251120022799314945
1251625768121229320
1251625833460088832
1251755991755972611
1251964389776928769
1251974280176234497
1252292786474409984
1252376900413997065
1252391387833630733
1252556158134444032
1253033894510641153
1253240371586326528
1253281235985502209
1253460561410449408
1253549088307417089
1253651221904146432
1253919973623250944
1254014675928440832
1254056227832762370
1254123624597868544
1254254686774849536
1254513814680133633
1254551266925015043
1254574886090989568
1254846060117340161
1254860389256278018
1255255335339790336
1255693798278959104
1255917511373139972
1255931939116253189
1256072277780766720
1256131305680633856
1256341467058110470
1256501142298570754
1256573223912853504
1256574369532387330
1256575016705155073
1256908780186427394
1258200397984010241
1258360619897503745
1258872983113867266
1258931106239348737
1259096732228554754
1259099360589209600
1259103208166887424
1259119942236098567
1259121665914650624
1259121742292942848
1259521005418016768
1259688164110655488
1259883184482910214
1260248125647749126
1260336907256561665
1261059876278751233
1261060703152222214
1261323186194481158
1261442077230956544
1261543082383851520
1262222949035266055
1262423570648633344
1262449506160762884
1262743400240967696
1262745621552742402
1262745647574204421
1262746380142915587
1262798577295859714
1262799467910225920
1263510459807928320
1263522492179759104
1263526898472308738
1263527161790705664
1263545474474225665
1263550727114416128
1263577309220442112
1263597046365171718
1263636984913735681
1263641732958154752
1263717572811337728
1263719734178185216
1263733180756037637
1263736718236233728
1263740290713694210
1263790500001091585
1263823361374814208
1263871783859449856
1263881221203021824
1263910657121894400
1263964702364717056
1263968948330135558
1264007169701109760
1264021277305647105
1264025409471029250
1264054584755892225
1264067972454178816
1264131163515478019
1264139617651089408
1264175068432732160
1264180582352932864
1264197927888658432
1264208913366384640
1264273924843614208
1264323303331688449
1264449895714316289
1264492842480734210
1264492935409799169
1264506147651891200
1264515130638901249
1264544880556216320
1264544952144457728
1264548089618214913
1264553406829649920
1264555947990626304
1264564338339115012
1264579109700669441
1264586724136693762
1264616321817460737
1264634114038251521
1264647281216835591
1264663148109262848
1264671681685213185
1264673973817597952
1264681355968995328
1264682747966021632
1264701834008109057
1264715344259801088
1264745125223292937
1264778772496203776
1264781199958061057
1264817296595435520
1264842221917884416
1264860657041752066
1264867881432551424
1264877150638731266
1264940871515955202
1264967039917187077
1264973181271658496
1264974815141781504
1264982787867590656
1264983578925871104
1264991681914589184
1264996791553908739
1264996796981489666
1265010635164827649
1265014614963732483
1265017276560035841
1265020015151022088
1265020049380835336
1265049404727103488
1265057547603542022
1265058148236263424
1265060992138063873
1265064924243464194
1265066215610830849
1265072271288221696
1265084207241576448
1265090232782856196
1265093331060736003
1265110452071260160
1265129556442255361
1265138642948931584
1265143591397027841
1265144076518776837
1265168885193424897
1265180522751201282
1265200993324728325
1265207656790327297
1265217363391270912
1265231591133102081
1265272511098322945
1265311197311782913
1265311321341472779
1265335220934492163
1265335817771180032
1265353545341112320
1265364484874317824
1265369396060590080
1265388419296882689
1265389004473729024
1265392378082471937
1265406758412943360
1265416376690397185
1265437056542662657
1265437291012485120
1265452641636823041
1265461026717233152
1265498923860361217
1265518072976334852
1265520123776991236
1265526094209388548
1265530602125697031
1265539741384093698
1265569430903369729
1265570300323926017
1265571321821437958
1265591113047511040
1265611945656438785
1265613445509996557
1265614523257536512
1265637318615953409
1265641524412497925
1265655176058241025
1265658378866450432
1265670992619323392
1265678389559488513
1265681000153198596
1265681016057925637
1265686542359629824
1265695973830987783
1265713279139282948
1265719963039473664
1265725049375535105
1265749127071182848
1265764557651230720
1265769197935755264
1265784591710855169
1265806358319947777
1265809717500301313
1265811711812161537
1265815448664240128
1265844067973263360
1265857905053573120
1265858188772929541
1265858989062893568
1265862283403702273
1265891174067376132
1265935650060152835
1265986153687273477
1265991798993928193
1266000959714537473
1266002370691059717
1266008541820784645
1266035872614551553
1266041221417504768
1266046320176803846
1266053145534230528
1266073550668140547
1266085359798140931
1266088235878412289
1266097625079713793
1266112165594923011
1266118783694974984
1266128577390665728
1266129153981587459
1266154623045210112
1266206519399460865
1266207743007809536
1266248487743582214
1266254173881823234
1266272230079557644
1266288625827737600
1266315915664207873
1266333806773952512
1266341359901908992
1266351177739821056
1266390213380706304
1266423306292359171
1266429893270663171
1266439959667499023
1266451308711514113
1266458957452804096
1266465450000515074
1266494574500835328
1266506499410366464
1266506541714280453
1266531042678235140
1266538833291534336
1266810559665766403
1266841969524867073
1268325587568848896
1268441669508227072
1268695558111150080
1269033718162665472
1269120239087878145
1269248791200186369
1269444878028734465
1269777385878102021
1270146776708845571
1271050043009662977
1271213137144905729
1271451674444529664
1271823865157738496
1271945019549790209
1271983316112158727
1272036971498651648
1272049254589247488
1272129010965917696
1272242058389061632
1272273083190194177
1272784681574989824
1272871798439362563
1272901755970490369
1272923858517934081
1272929735799197696
1272938743318499328
1272939856948330497
1272942576828477440
1272942626036166656
1272957102479364099
1272961863727407106
1272966123403837440
1272969765309612034
1272976837937856513
1272979481297387521
1272981362505592832
1272986767503904769
1272987310909521920
1272992331663200257
1272994645799104512
1272999587335139330
1273007652851728384
1273007941428432896
1273013426340626432
1273016127954845701
1273035036418289666
1273052865502855179
1273057839385317377
1273067678660300801
1273079986904170497
1273083424610439168
1273085680361635840
1273086622683115520
1273093835955019782
1273099031854698498
1273111415314886656
1273148360267042816
1273212973478301697
1273222408279908352
1273231763037466626
1273235916958523398
1273251650073960448
1273277926046404608
1273291833767014400
1273298319066857472
1273301310637563905
1273311342460645376
1273329302264840194
1273337680227717120
1273339098917408769
1273342461482536966
1273344528251052032
1273351367386517504
1273361725761486848
1273370294732931072
1273375043016368129
1273388977807114240
1273401812524183552
1273410998620192768
1273425899728392193
1273425910147014656
1273427217503137793
1273467706109460480
1273502117475438597
1273502927806590982
1273542213033766912
1273548203158315013
1273582753267814400
1273582754966495233
1273588270069362689
1273590213315629057
1273591838193172480
1273603384818511873
1273624361887567874
1273687282357338117
1273689917923655680
1273703197467480065
1273709249881931778
1273720254481477632
1273724072850067460
1273727644115234816
1273735412079607814
1273744583827038209
1273747532213104648
1273769548605468678
1273793782371119104
1273796881441861636
1273810599227592704
1273813922584432640
1273819429885763585
1273854741580255232
1273863841697447936
1273870503586004992
1273886721285947393
1273912924042559488
1273967665283907585
1273985315225640962
1273991282919198720
1274000471787741187
1274000902224044033
1274015695899164673
1274017867147730944
1274025896509427712
1274028489361022976
1274035238809882625
1274042799927812096
1274052512996380675
1274061194471575553
1274075450092838912
1274084937667276800
1274086729142730758
1274092397585149954
1274124272307404800
1274161266123137024
1274188222055284736
1274208861335912450
1274263866428526593
1274268328228503553
1274290273225490432
1274308503650349056
1274311104332804101
1274313184476831745
1274321421452185601
1274324063960264705
1274324400645472264
1274344270053306369
1274345548699635712
1274348578618503170
1274349167926587392
1274383883514101760
1274391186627854336
1274416030887153664
1274418726394265600
1274438522485735424
1274439400819175426
1274443961399205888
1274447016702115843
1274454069378256903
1274461156632145921
1274468068664713218
1274486394673659909
1274534387934208002
1274588767710568448
1274591064867762176
1274593290260750336
1274600682192924673
1274660919478325248
1274694740160606209
1274699780187467777
1274712995214626820
1274719493856595971
1274722909249028096
1274782392088244224
1274790037197148162
1274799307003252738
1274850931490713600
1274857783498870784
1274863550809247744
1274895477402632194
1274916216788914177
1274916225139630082
1274917430700109824
1274924031276388352
1274937235364696064
1274937372870717441
1274957119494684673
1274957214302769152
1274962450350301184
1274980471420657664
1274991952430333953
1275082729021861889
1275083015861833729
1275087999542398976
1275106196299620353
1275122620644671490
1275127460552749059
1275130455822446592
1275144018318548992
1275176535075536898
1275184057920479232
1275188621180645378
1275247566750470145
1275356192332750850
1275362048382205958
1275366683033690112
1275397643657773057
1275397838038597633
1275421989449207809
1275436301097943041
1275457580643635201
1275458650983682050
1275464486653095936
1275479262812934150
1275495058880581632
1275523302254133248
1275524787368943616
1275539508570853377
1275540176048132103
1275544312772780033
1275564195384360960
1275586887298830338
1275591364424712192
1275599171219861504
1275609079017279491
1275614696364666880
1275645975399403523
1275647411172577280
1275661739695226880
1275671239365926913
1275714413685886976
1275753800817455104
1275764393901522945
1275779144094060544
1275779559833640960
1275794894980775938
1275794925305712647
1275809068918222849
1275814284027506688
1275822936620888065
1275824916328255488
1275836219432275968
1275837173040848896
1275837504185384962
1275973655441412097
1276219772460511232
1276273935919788034
1276888742691696641
1276934430305726465
1276992559563358209
1277592024800276481
1277617366340440065
1277636567083999232
1277639756415991808
1277653158697865216
1277671674155077633
1277678306108702720
1277692209022763014
1277693770847457280
1277694085005000705
1277702836957188100
1277708736799227906
1277731077256294400
1277772771997581312
1277774456610586624
1277785475520978944
1277785746037002245
1277790368302432258
1277790368403251203
1277924533048090625
1277947185150263297
1277947606983991302
1277963490792108032
1277966764085620738
1277977146707697665
1277980296575545348
1277983174627295232
1277986202692526080
1277989510643617793
1277992402918289409
1277992572221378562
1278016939751858176
1278038701092876288
1278040303681720320
1278045174237667330
1278073258299047936
1278119005312684032
1278144413609402369
1278163685991755783
1278164106772545538
1278178696411652097
1278184270171865088
1278222063447101441
1278248067192557568
1278261109330456576
1278328159558123520
1278384145270476802
1278401184034811904
1278401445591527424
1278407041631916032
1278424172578967552
1278433434193604612
1278433719079010306
1278451847276179457
1278526036049879042
1278571188659208192
1278579005504073728
1278604871545937921
1278655295259099136
1278704078361694214
1278738248521658369
1278802279995445256
1278816287536353281
1278987307455037442
1279093324725587970
1279146130882748416
1279165605090746369
1279171367473164299
1279191353923039232
1279265999544557571
1279301777461043201
1279342986967625730
1279357085969534976
1279408416319057920
1279449973344501761
1279470881979449344
1279472496648105984
1279514461758513153
1279546720989466624
1279568453742080002
1279636819064303618
1279673618004230144
1279760691268911104
1279766556344553472
1279769628655472642
1279772796365623297
1279799552573427712
1279805662063624193
1279826494781562894
1279853008877023233
1279859122154995715
1279861987007098880
1279878844862926848
1279879033199697923
1279929365317537793
1279983442856497154
1279985050629681152
1280067665239977987
1280112134664474625
1280115477667250179
1280119377812021248
1280135783605772288
1280191688875618307
1280215682769195008
1280217393386729473
1280224107267678208
1280252169736687616
1280265559406411779
1280289791754604548
1280321404517273602
1280371030679105537
1280389691712274432
1280391546873905153
1280421053244641281
1280453321967501312
1280464860539740160
1280476679622799361
1280484441815756805
1280515232989921282
1280522991248474112
1280533013852565504
1280566722131607559
1280568333738246144
1280581284662702080
1280615153520828417
1280626582013517824
1280627431527890947
1280642718549422081
1236992278700404736
1236993647037558784
1236993749940461575
1236997495957356544
1237000763286659073
1237001557855604736
1237003170661814272
1237004239454515201
1237008746796257281
1237009363916685312
1237011093962272770
1237012446675636224
1237075021769605121
1237088182652583936
1237848806693068800
1237895131052662790
1238943211202039808
1238945930184810496
1238948604590600192
1238949222579425280
1238967010991779843
1239110278987612161
1239175044904792066
1239250129112035328
1239255341562564610
1239256933984542720
1239506457864876032
1239756289686700032
1240005753303371778
1240089843964805120
1240242759371546624
1240265669784088577
1240431094249349120
1241364032378081284
1241673120559308801
1243632900274139136
1243817035597037570
1263480853012680704
1263506615048663040
1263533516869922816
1263794604345720832
1263875960283123713
1264240476632170496
1264597450498678785
1264729364060463105
1264893236793008134
1264911768821870592
1265036178685923328
1265038687815041025
1265072235376791553
1265076202148167682
1265105362572783623
1265233875451572227
1265450259473285121
1265586572872671234
1265742202845704194
1265826677562589184
1266015336190685187
1266026339158708229
1266267121836650496
1273298226020376576
1273298842985869312
1273384814629044225
1273461411042254848
1273715559453114372
1273979465136320513
1274989652152332293
1275114344687296512
1275259842140069888
1279757871295746049
