500
2
2
1
1
7
21
1
6
2
1
15
13
3
3
2
19
1
1
5
12
32
1
7
2
8
5
4
17
3
3
23
3
18
4
11
5
16
7
21
16
12
5
4
35
9
1
6
2
15
3
5
27
2
1
4
42
3
8
11
1
4
8
8
11
20
8
4
13
27
14
23
15
7
12
2
3
3
8
7
8
7
2
7
25
16
8
49
17
3
33
3
32
4
14
12
9
11
4
5
32
1
2
2
5
10
41
28
12
10
5
4
37
15
4
36
8
23
7
18
48
3
1
1
8
17
10
8
111
9
3
3
59
5
17
5
6
16
21
1
2
22
9
13
25
50
8
9
5
19
56
1
17
74
1
52
47
20
6
13
5
13
16
15
9
2
10
4
3
2
7
33
8
15
14
175
15
19
94
136
58
23
30
112
77
76
367
84
16
24
433
500
26
31
38
36
29
87
206
111
43
40
8
48
55
48
27
35
84
71
265
500
198
211
56
50
48
33
78
131
31
58
61
48
85
70
25
10
500
38
27
88
68
24
89
51
32
22
49
85
28
8
30
16
21
26
85
77
33
38
45
46
15
15
22
7
6
38
2
3
1
359
54
110
175
26
111
154
473
156
44
58
57
57
500
500
35
85
370
88
37
12
11
3
4
3
1
9
9
9
22
11
11
6
9
11
11
4
10
3
1
52
5
1
2
3
16
11
3
17
500
7
6
2
2
14
11
4
2
1
15
7
5
9
2
12
4
4
27
29
23
5
18
50
197
105
30
6
15
3
39
10
4
3
9
2
1
3
11
33
26
55
49
15
1
20
68
10
109
14
2
6
5
8
16
17
1
9
8
12
3
500
10
9
10
1
24
5
8
18
8
1
5
12
6
6
6
7
6
13
4
7
272
26
5
2
8
28
3
15
12
10
2
10
90
10
43
29
23
7
44
1
16
2
14
17
20
9
1
6
31
5
15
6
1
9
4
24
252
35
3
24
1
10
17
1
5
6
1
1
5
8
1
4
5
1
1
7
4
9
2
1
3
2
3
7
118
1
14
1
4
11
3
1
4
2
59
7
8
2
1
3
500
3
1
3
4
11
41
1
8
3
9
7
1
5
8
8
9
7
8
5
4
5
16
8
6
14
3
7
15
1
5
8
6
18
5
23
17
3
6
15
89
5
32
1
29
19
29
40
348
8
12
65
17
11
19
4
29
5
21
26
19
30
16
6
21
28
4
15
6
2
20
34
7
6
30
2
26
20
27
130
4
29
29
29
16
4
2
111
4
19
16
8
13
21
6
7
12
10
29
4
2
48
36
16
20
13
4
15
26
15
25
49
4
152
2
168
2
24
9
3
8
18
35
22
17
2
83
38
23
9
34
49
28
18
11
20
14
31
100
13
31
17
1
19
42
26
11
26
37
18
8
20
15
28
13
320
77
21
500
52
3
43
4
10
11
23
12
135
31
1
34
30
23
52
19
36
17
17
31
11
16
64
24
23
7
27
34
1
6
22
35
1
21
21
76
7
10
29
97
34
4
11
20
7
19
29
13
34
17
44
2
2
39
15
36
30
177
2
37
16
17
20
5
32
17
18
154
27
12
28
498
12
46
10
14
7
31
67
4
18
3
17
22
30
9
17
6
32
17
14
26
21
30
24
14
8
2
57
13
6
141
1
16
3
18
6
13
13
12
24
13
8
21
8
13
6
21
6
16
5
66
95
9
26
6
25
18
11
13
144
24
40
17
31
43
107
36
24
24
41
17
93
23
43
23
10
52
27
66
2
3
1
5
6
107
27
7
47
4
5
28
7
15
37
3
29
1
8
5
126
18
16
8
4
10
223
39
5
19
107
43
500
16
9
83
1
23
8
7
37
24
5
23
8
12
24
8
57
1
9
25
73
9
24
20
123
7
55
254
11
28
17
20
29
11
3
8
7
15
18
18
220
11
20
6
15
58
31
32
10
7
10
8
2
5
2
8
20
20
12
3
3
3
7
23
41
389
19
79
21
62
18
9
16
24
15
500
10
28
38
38
13
5
21
13
84
5
9
11
31
24
4
21
11
8
17
19
11
6
21
8
6
10
33
4
18
1
1
21
28
32
26
1
34
12
11
26
11
61
1
17
11
39
1
12
1
46
42
14
12
21
1
50
73
31
19
60
30
18
38
500
58
79
4
9
13
5
41
3
86
49
500
12
20
24
25
45
39
14
28
11
26
34
49
104
20
13
5
64
33
30
89
203
9
14
18
3
3
16
12
9
7
9
25
19
12
4
5
13
23
3
5
23
31
8
12
10
11
11
36
17
10
5
16
35
20
3
41
39
59
10
21
41
21
280
6
124
55
12
18
29
132
7
44
53
33
25
8
143
28
45
59
83
53
9
25
14
46
33
13
62
23
31
30
78
37
49
22
50
66
20
38
243
11
500
37
49
25
215
3
18
29
20
500
13
54
500
6
500
500
54
270
329
500
26
53
17
77
18
13
16
500
500
5
19
10
500
500
500
500
500
500
80
13
3
13
2
7
500
16
16
16
500
49
14
500
15
11
500
108
8
117
500
11
12
3
5
14
15
500
500
328
112
6
11
500
500
5
500
500
252
65
10
500
288
9
18
14
63
31
10
500
116
16
18
77
500
13
500
18
13
16
13
493
4
9
500
11
11
500
293
500
2
5
7
234
14
5
73
29
10
4
10
303
22
224
31
7
500
21
9
10
37
10
49
6
37
13
500
9
17
27
9
13
295
86
500
500
500
10
43
500
18
77
13
10
16
16
15
500
13
27
500
10
500
8
4
5
500
387
11
5
500
500
500
8
500
348
500
5
13
3
3
23
17
12
11
18
8
356
58
16
500
13
12
5
77
10
18
5
11
54
11
10
39
83
500
4
303
500
50
500
8
91
500
5
500
1
6
3
41
8
374
32
3
37
500
64
5
9
4
500
500
500
35
71
10
31
14
8
12
3
9
8
9
4
500
7
500
131
34
500
4
500
500
500
17
2
3
321
500
500
22
18
23
9
22
89
8
22
46
61
20
8
6
196
3
16
96
9
38
299
29
500
68
8
8
32
6
3
11
5
6
20
344
4
5
500
3
20
500
4
22
23
3
10
318
10
25
26
1
27
47
234
4
11
16
12
89
5
115
3
32
45
14
241
99
94
43
32
43
44
43
24
1
30
16
14
192
48
7
62
63
9
44
44
12
39
3
23
10
4
17
5
17
100
196
35
433
10
168
13
11
19
10
220
44
500
11
65
1
44
16
63
8
33
1
11
24
22
106
116
8
16
7
4
16
