1241447017945223169
1241637320325029889
1242137430322446344
1240717039377022977
1240676575168921600
1242125087886761987
1240768501452697600
1241337295606657033
1241429041011478529
1241057919128526856
1241254183979765761
1241287878354677760
1241902001539203073
1242476408896507910
1241528549183385601
1241247329572683776
1240666954958069768
1240620727306510342
1241054976270614535
1240847006907711490
1242131768662282243
1241225019952263170
1240618235499819008
1241385872001384449
1240690021759238144
1242136816469389316
1240340480342310915
1241135631406977031
1241090332676194310
1240743583860195328
1240722087381262337
1241512518721376257
1240906846933790720
1242540756209774592
1240647292543262721
1242228808264155138
1241924168263897089
1241019106771558401
1241904709583155206
1240681203449114630
1241052755793412096
1241789646037602307
1240810734315024386
1241125126340595712
1241119424729559041
1241421603575119874
1242428305359462400
1242223348236550147
1241923572144074754
1242061429789909001
1241497054817509376
1241898619965509637
1242212614610051075
1241782106646249474
1240808335349342208
1241770683090206721
1241935299833253891
1242115593383247873
1241842361472294915
1241962722008465408
1242143473710448640
1241134916441722882
1242397688961753088
1242393469001150466
1241117279556902914
1242626001479372806
1241616962045636608
1241899861403983880
1241253205406822400
1242505023600447491
1242115861114163201
1241774256511385602
1241272447187419137
1242322693086760960
1242320472718692352
1241313848939986947
1241114836433584130
1241370210575069184
1242373497948491776
1241949968174387200
1240681625756880897
1241649820273709056
1241683913535148032
1242514092339925000
1242107392713584642
1241340364830707712
1241365063598030849
1242226084504129537
1240963320322162688
1241587305644724225
1241156711823572992
1241042191004336136
1241075579601985536
1242001719996739584
1241109446111174657
1241388679722979328
1242492018275889152
1241120640981250048
1240830754646523905
1242182466892435461
1242476319608201216
1241631591647997952
1241619416594255872
1241617169223274499
1241143349047853056
1242566871964102657
1242349466239127553
1241608444966137856
1241617994276409344
1242329847655026689
1241385282093580290
1241142266586173446
1235714275752267776
1235256530728972290
1235674258858061825
1235436227140055040
1235620307534258176
1235956474955718656
1235725137468514305
1235953995161595904
1235418456641531906
1235812754495172608
1235636443369873415
1235786467420581888
1235287380292235264
1235950178789724168
1235713244649713665
1236020820947931136
1235788666737291264
1235909436033699847
1236029221706895360
1235635838052175878
1235760705741127683
1235953286961913857
1236059089630908419
1235963807584915457
1235719492493172737
1235723999897882624
1235618874621558791
1235791843926761475
1234747040669716482
1235714090057830402
1236048815754326016
1235785921318072320
1236071277955252226
1235586819795947521
1235703439688175618
1235912217943355392
1235751746107879424
1235661301835235328
1235407182168023040
1235676894026231812
1235717251753369600
1235714668833828864
1235911492932956160
1235840256831709184
1235829825706680322
1235964038242340866
1235582989511213056
1235586291200389120
1236034841860136960
1235973434095669254
1236036720656650240
1235921373991546882
1235938655249870848
1235936415516700675
1235563421459976193
1235908760620748800
1235902012375674881
1235817262847635457
1234964653014384644
1235071285027147776
1234911110861594624
1234685467682979840
1235083359501430789
1235219248903073800
1234979421464879105
1234916336393969667
1234616723615166465
1235149229179404289
1234634259912155137
1235210250812305408
1235239113298759680
1235037111239077889
1235197302333149185
1235166676309676032
1235409660104015873
1235278295211618304
1234872254883909642
1234980702103334914
1237362407506313216
1237503474159452161
1237448230381801475
1236675730496339969
1237057600925175808
1237612187570470912
1237109798971355137
1236967717535731712
1237165569457225728
1237275231783284736
1237513303720521728
1236473220783636481
1236837019336269826
1237419307782393857
1235951676294606848
1237453703466156034
1237399797734223873
1237492257458204673
1236100103917756416
1236790504249057280
1237249222442807296
1236739714897473536
1236937893798707201
1236269496878366726
1236839326916341760
1221825190847483907
1236095399691083776
1237107071947948032
1236906182796644353
1236718775099064320
1237503494325559296
1237580045553524736
1236253902242226176
1236505833673879552
1237219150931599362
1236535783605121026
1236887326753574912
1237156303304302592
1237478365638074374
1237107445685772289
1236666314212556800
1237349518359724032
1236951328783388672
1236754358886371328
1236576408471822336
1237107865325834246
1236448518585319424
1236694056433926146
1236678669768093701
1237460460749766657
1237068715314892802
1237404677307760640
1236289649737371648
1237270988334592001
1237477595916251137
1236936132715143168
1237138362261258244
1237204103970689026
1237015260571168768
1237503272555909120
1236181131147522049
1236751849769676801
1236817440606056448
1237283622589206530
1236833678380027904
1236766442571337729
1236973525866602496
1237070550679379968
1237235176452706304
1237219650456489984
1237305169932472320
1237122234675859456
1237543674675728386
1237040928092639232
1237015945186398208
1237124933211348992
1237330231293288449
1237460074123190273
1237047503029178370
1236509612142145536
1237326787111239681
1237373539176628225
1237562584477265920
1237560750102556672
1236992946509094913
1237271298557882368
1237507195228442625
1237140355025383429
1236537380342915072
1237066837294231558
1236751509322334210
1237116341011853312
1236987681088757760
1237507876345786370
1237015745583669248
1237563898577817601
1237127396026748928
1237238588158312448
1236976049864368129
1234830633018544128
1235967295660277761
1235876564761374720
1235625977750974464
1236059762544070657
1235711139620753408
1235599671571009536
1235967176475111432
1236056191324864515
1235959558058754048
