1321065894383099905
1320123660070383616
1319918422692593665
1319918427490975747
1319103001102090246
1317049570514317313
1316294517436416000
1316294524604481538
1315917019057979392
1315146929643323392
1311878013202518016
1313909130013347847
1308035047392411650
1307264997005950982
1304238734146142208
1306887486480814082
1304894428092526592
1304501836821549058
1301768777571467265
1301376233196920835
1303106413900828673
1317011749531537408
1317076201882578944
1317030865386541057
1316761682203602944
1316649288244572161
1315924502748954624
1313811707383492610
1313750381034340352
1313694126425112576
1313687050760212482
1313679464111525888
1312300680468729856
1310412924037595136
1310126422732791809
1301791483557744643
1301744943153557505
1309283402651107330
1309011770112126980
1321306488187604997
1322626977346576384
1322577305177305095
1322572109395218432
1322567236687724544
1322547510481768449
1322547168134205440
1322544071479500802
1322538412474208262
1322529254006022146
1322525774985883648
1322524877643902976
1322522112242806786
1322521634062897152
1322521462285111297
1322521321964789765
1321077691278393345
1321647309650907136
1319665016241487872
1319647037218979841
1319400827505704960
1319398854094213120
1319392013020790784
1319384033768464385
1319816139187302400
1319430815219056640
1318336619099860998
1318271888599121920
1318268355019681792
1318216011540320256
1318214179468251136
1318208980674596873
1318150646948921344
1318134753338355713
1318097719152529408
1318092868708433921
1318018220268212229
1317994904379863047
1318604866202238978
1316703659502317568
1315911138597634048
1315877136750841856
1315778132172046336
1315773288593924097
1315771902128984065
1315770168136609792
1315970373574328320
1315784691191087104
1315733490701393921
1315639596106092544
1315612745740570624
1315599519648751616
1315546753832083456
1315542040101318656
1315510726316843014
1315507933610872832
1315499730894491649
1315494324763754496
1315494193066913792
1315476071647596545
1315471473461600258
1315460409198088192
1315446025352441856
1315442959366729728
1315434570645471233
1315434033438810112
1315431787032608770
1315430622685540353
1315429819371393026
1315419859346432000
1315417401081634818
1315410023577772032
1315407270767857664
1315402001568747521
1315399872644870146
1315397450987905027
1315396758512435200
1315396461711024128
1315394378601439234
1315391940238741504
1315391563795660801
1315391463937712129
1315381644057022465
1315379091802030086
1315378877712261125
1315376590096719877
1315375249681248256
1315373854181777408
1315372904171921408
1315372872190263298
1315371683419746304
1315368148481314821
1315364111144943616
1315363121708642305
1315361974876856322
1315357245270523911
1314141146751197185
1313877436992557057
1313758191365152768
1313729930811842560
1313706629297328130
1313706629011968005
1313706628999380994
1313706628806438913
1313698588543774720
1313667871453708290
1313648682382753792
1313641105242550272
1313640690241470468
1313636906689683458
1313608836222074880
1313606876811137024
1313606056770179072
1313605262700408832
1313601960537288705
1313597532560224256
1313583678031900677
1313581986326474752
1313581129358696448
1313578005122482179
1313577486266109953
1313574304706187265
1313571971796537349
1313569592078462978
1313569292986744832
1313568939780329474
1313567637033680896
1313567078125838338
1313566535504588802
1313563299670351873
1306088557493145600
1303946974693978114
1303743940408094720
1306704009047109632
1320948078212452352
1319857069172862976
1314291762194722818
1314010521604100097
1308311915647700992
1305491154184679424
1302469532766941184
1322621848593616898
1320393541080784900
1318482448175476737
1318322131365621760
1317603956772818944
1310900131303170048
1306610814414204928
1321514878398570496
1321060426206093315
1315896649785372672
1319572296319774720
1316748475510542350
1310630581349253124
