1241025578527903750
1240467080954228737
1240716889162018816
1241062514886090754
1241519420628963330
1240334979701395458
1241161304771039233
1241447267502116864
1242414259407130624
1241973404992802818
1240633773965918210
1241465915486670848
1241009089091600392
1241466219791822849
1241871812591419392
1241696164782669824
1240335912329977858
1242302400762908685
1241403715036291072
1240987594080559105
1241359584784044033
1240780691362570240
1241699484469526531
1242087413868003333
1240789646893821953
1240805124143906816
1241745355957514241
1240852412203589632
1241952866404687872
1240683123362406410
1240831248861474816
1240714976060248064
1240630649192677378
1241439824239906817
1241986189437087744
1241050910085840903
1240797127539920896
1242255630938845184
1242114805588267008
1240859409397547010
1240729932948439045
1242493913337913345
1240328267472740352
1240353157693177858
1241951568855019521
1240709511226077186
1241052280452833281
1241836135195828225
1240858151211028480
1242458760364175360
1240596164178657280
1241566743815913472
1242195174257819651
1242282560106958854
1242414406203371520
1241184976974077953
1241111496039546882
1240683310717661184
1240736835732717571
1242292061925076997
1240453761434148864
1241356310555361280
1238869710046777344
1240810239101935616
1241930121570742272
1242443595673522177
1240942776629354496
1241836819362299906
1241665385302306816
1242419733854588930
1241908426327941120
1242234440996335627
1235648554338791427
1235663306246860800
1235602629247537154
1235566351093137408
1235758466784014337
1235685422598062082
1235777621604134914
1235402290997141505
1235913020469108737
1235248869463732224
1235631509983412224
1235740278901723136
1235795983503630336
1235927534308556802
1235743728247037952
1235281112684843009
1235669879027576833
1235506614272241664
1235347146850914306
1234245348572487682
1235754913264779270
1235811829751799810
1235617743161815041
1235941267047174150
1235801885354758144
1236060750210387970
1235350438658134019
1235882155357728771
1235966384053485568
1235521471587299329
1235735428872974340
1235778760932196357
1234756199335133184
1235949880952094720
1235714445747179520
1235545254347984897
1235788042889318400
1234869939720216578
1234873136304267267
1235024875279933440
1235185048078278657
1235351764737675264
1234650511636410368
1235265562990637056
1234835892159877121
1235001112735944705
1234778537615212544
1235172654778167296
1234933752498921473
1235216569539551232
1235234176414162944
1235043647038443523
1234830346182709249
1234887886354382849
1235029940208205825
1237017804961804290
1237029555015213056
1222318351357054976
1237227416042364933
1236101614181720069
1236615342736076801
1237514979881844737
1236064273186672640
1236766822684405766
1236840007480020992
1237440523327045632
1237238011642793984
1236709853126627337
1237391701775249408
1237430016478191619
1237497416862986241
1237310167814791168
1237395939171561472
1236932313642143745
1237501242567544835
1237029903112888321
1236601634454528000
1236848918849294336
1237034836893650945
1236490588276523008
1237611886905937920
1236321657096032256
1237585675571974145
1237412870192640005
1237137755651616770
1237361576480473088
1237130970396078084
1237010126881447936
1237608143519014913
1237024126889385986
1236759873884479490
1236386465086615557
1237263600584216577
1237077247636496385
1236973636751425536
1236874568268201987
1236370045841723393
1237186543741218816
1237086189548638208
1237001239285637122
1236690061573394433
1237326777132998657
1237097081371795456
1229402828814327808
1237640389361876992
1237108672549052417
1237031596982702083
1237534161658765314
1236605070902300673
1236924515822628864
1236855863475728384
1237344519777067008
1236835458979483648
1237251356303507456
1236856662411096067
1236699162965463040
1235724594071375873
1236012995408470017
1235831463121059840
1235987075440283648
