1275384241681920000
1215113270710935553
1224147257517199360
1232059565065297920
1232791958281576448
1234493446418817025
1234664589452693505
1236329332236259330
1236985900841799686
1236989148222967808
1236989316208918529
1236991060846379008
1236991373246595072
1237003883827941378
1237004497802665987
1237006394659913730
1237007524294987779
1237007613746913280
1237007676548227078
1237008659902861313
1237009188611592193
1237010352119975937
1237022530269057024
1237089640517115904
1237774264331317248
1237782822338859011
1237820562149462018
1237823669029593089
1237921094620925952
1238116346635997185
1238178822245289984
1238205346025529344
1238223462763823109
1238239561081409538
1238431177276559360
1238543124064022533
1238673642680201217
1238840014609567745
1238840065922490368
1238842319509639169
1238853063030554624
1238856149304086533
1238869131979456513
1238936381985964032
1238945986321489921
1238946293269123072
1238947038710071296
1238948095976759307
1238948960032534528
1239137441266700289
1239262098036686849
1239287981179129864
1239326803186962433
1239367427965755392
1239386002893963264
1239522861951246336
1239546729114017792
1239554541105876995
1239556191430356992
1239601834387357696
1239628764310577152
1239664199007113219
1239665710735003652
1239848598608715776
1239905821317681154
1240006123882721280
1240023109744369665
1240035257086177280
1240702039157436416
1240959445510676485
1241001551159853056
1241014616358035457
1241109445360398341
1241179389355864069
1241339905675952128
1241355852046622720
1241637950804373504
1241848161351667713
1242009594936901639
1242217274725019653
1242413837715996672
1242493253431238656
1242525615422615559
1242653632241307648
1242677591271768065
1243180010187501569
1243901939437522946
1244009617761370116
1244178003791433728
1244244496822554625
1244244765207642113
1244700123306831879
1245381677821693952
1245759174161694721
1245814639407050760
1246090340282634240
1247544997966200832
1247580788557664256
1248258112898940930
1248422398312890369
1248981393557733376
1249797065762385920
1250170744300068864
1250799912838664193
1250804003878862848
1250904692470808583
1251844258132353024
1254968580011167746
1255119577152798720
1256104354995527681
1256119481350467584
1259855657727078400
1260101635688353801
1260713938255314944
1262760195089989634
1263388413375344640
1263503717418098691
1263511119110553601
1263527352421830657
1263662868450414596
1263726283210571776
1263844511656140808
1263859862620045314
1263886228174200832
1264058486087987202
1264224818909655040
1264269950178426892
1264276682791424000
1264405809880014848
1264450050001735680
1264468677967020032
1264519901064171520
1264565449259388928
1264700224263593985
1264722881700913155
1264762363741302785
1264790045736796162
1264849466055524353
1264917923363205120
1264939630744518656
1264983439901483009
1264983456821284864
1264999390852382720
1265000836322607104
1265018825944322050
1265081983048257539
1265191014991568896
1265215790963240961
1265220572629303298
1265243120809029634
1265264070317441029
1265271203549327360
1265292863555932161
1265307859006488577
1265310284639604736
1265311739333074944
1265327128700243968
1265357807710351367
1265358366123134978
1265367464965259266
1265403968399618049
1265435951242698752
1265477086644277248
1265489849521324032
1265519656569356288
1265523126999191571
1265548761679437833
1265570751492632581
1265586643693719552
1265595836106518528
1265598627046543360
1265614261398769666
1265615369080729600
1265638672269008896
1265640061913067521
1265644372214898692
1265646438941220866
1265648932316753920
1265658416371990529
1265672073336127489
1265685579691245571
1265715587088633856
1265730241298755585
1265737077443960838
1265737127310098432
1265751451462230016
1265753289079115779
1265816275286028290
1265846340132757504
1265895246879240195
1265904870378225665
1265924316325175296
1265927713430347776
1265943925807702016
1265961750215700482
1265991491492753408
1265996075531407361
1266000018688917506
1266005806551633920
1266026702301540352
1266028967859011584
1266104560013029376
1266179851867709441
1266199332304412672
1266313333113749504
1266369023358275585
1266377998061588480
1266383948999020547
1266392772111740931
1266393576847618048
1266395328972042241
1266397267067457536
1266399591194415105
1266401468216639491
1266411589588127746
1266419697748193280
1266423829162790912
1266428089204125703
1266470147201662981
1266474469540970498
1266487271945113606
1266492130987474944
1266508368199315459
1266541000131883009
1269208798050217985
1270306923972362240
1272793845017739265
1272822432856973312
1272854765966417920
1272876436924350464
1272883141817049094
1272884965995417600
1272917949582643200
1272954082244919301
1272958879987642369
1272968110421749766
1272974727888334848
1272980058806849538
1272980914201604106
1272992530120900608
1273016329268846598
1273053841416740865
1273099143750320128
1273171893646999552
1273173289851117568
1273238935800631296
1273254292800114689
1273275210062614530
1273282420410847239
1273295817693106176
1273318413893541889
1273360621325737997
1273382391336198144
1273413154400350208
1273465460789575680
1273476757882986497
1273562097163440128
1273580149158612992
1273608371212615686
1273609222547275776
1273626797100367872
1273647542266454019
1273658958348255232
1273661755705753606
1273661759463645184
1273662253171122176
1273664027697254402
1273693511452368900
1273713896835051520
1273715388841439235
1273717918568759301
1273720588000022529
1273721091748499456
1273732419602935809
1273751553069981696
1273756125645737986
1273767629753212928
1273774565580255239
1273796186680504325
1273842594427133952
1273858142380658688
1273868996744536064
1273967015221485570
1273981141939367938
1274003140480770054
1274028138167545856
1274099062170693633
1274101809469173762
1274123462559367171
1274201302529179648
1274288807634972674
1274386781404684290
1274413874725433344
1274732914174038016
1274742376968445952
1274800644692406274
1274866182743642113
1274931815942258689
1274946677812518913
1275015813775253505
1275032318051262471
1275039482975264769
1275049400335728640
1275076186893242371
1275091551010435073
1275126364924981250
1275151672172515334
1275157564062339074
1275208397047181317
1275275516350734338
1275335626447966209
1275345347456299008
1275379900858470400
1275406179745894404
1275437734836895745
1275444572101857282
1275454980640497670
1275458613323202560
1275510998590468100
1275511454469369856
1275647287272919043
1275647945887621121
1275750522155401216
1275779769699758080
1275791307500388353
1275807890935250946
1276365578123403264
1276763837874573312
1277725547028598785
1278030908185030658
1278862521730924544
1279017732235767808
1279110619703185409
1279750112336633858
1280234976760520704
1280295884983422976
1280314276566257664
1280542510008414209
1238948281624883200
1240474029271724032
1265613974839705600
1266332517189255169
1273035163463757824
1273255755395653637
1273313773680541697
1273603895080693762
1273719312172400640
1274677341290029058
1274985464970313735
1275047547002912770
1275374312946642944
1275407317488582659
1275448034386513920
1275492079490289667
1275685087489609728
1222615296344608768
1224970162459172865
1225053872370176000
1225549173157695491
1225835616656658433
1227310448401317891
1232553364438814720
1232965700454666241
1233219957208444928
1233467656860315649
1233669385514094592
1234523085770022912
1234735259180294145
1234912469019004928
1235814870873812995
1236976393747120131
1236977213775532033
1236977913368662016
1236979714826395649
1236980398598557696
1236983215346331650
1236983670646472704
1236984452116611072
1236985078045122560
1236985619047419904
1236988271625936896
1236989367916396544
1236991350068969478
1236992524520210434
1236993649302478853
1236995922388643842
1236996224739393543
1236996469317656578
1236996517346582528
1236996889268142080
1236997583236710401
1236997808068202496
1236998339796721665
1236998371824435201
1236999385399078914
1237000711159853057
1237002047867715585
1237002100955062272
1237002556070670336
1237002608461651974
1237003219496206336
1237003361100185600
1237008448807723008
1237009457218871300
1237011405813006336
1237012114692177920
1237012764213698560
1237015281526018048
1237016446594670593
1237017085148086272
1237019872221114368
1237021501561413632
1237021867958923264
1237023162065444866
1237023737507020806
1237026121511776257
1237034873937899521
1237053688314617857
1237070720829718528
1237090071469125632
1237090884799336451
1237111924342558727
1237126549851320320
1237156263386943488
1237157847974195201
1237182688857120768
1237184433083596807
1237246077872377856
1237280472947929089
1237331704236224513
1237360296316080128
1237388993555247105
1237416956052901891
1237419192879546370
1237420129937432576
1237420887630102534
1237474263294070784
1237523998042292224
1237527099671363584
1237530637898113027
1237540387356475392
1237624240964173824
1237648930919211009
1237689113911967744
1237699220477542403
1237699626976841728
1237742384861118465
1237782887677792258
1237796176231104512
1237824087012995072
1237834630126014466
1237835639657127936
1237871272714895363
1237922652158693376
1237924615558660097
1237933000874213378
1238068104070127622
1238117040499687430
1238123012345356293
1238158576205643778
1238175722260312064
1238177040689487879
1238177438598926336
1238180205098872834
1238185722575716353
1238191734057771009
1238221822958735364
1238223495743627265
1238225689989582849
1238231915628343296
1238243494717788160
1238302668076048385
1238404735075565569
1238428142529679361
1238430095020306433
1238444709158088706
1238448381774557184
1238472825112940544
1238496813751177216
1238533312475521025
1238536188241166338
1238568636387930113
1238721785631322113
1238753379926642688
1238761089065598976
1238789283508412417
1238822001789337600
1238865135147470849
1238865281608372224
1238874280395444234
1238877969117921285
1238900969569546240
1238905176758439936
1238949618865537026
1238988554375696384
1239004249725513728
1239081249064357888
1239095276490481665
1239125986438008832
1239209097452347392
1239212535808765952
1239212760757501953
1239230240838172674
1239240118512345089
1239241816752431105
1239250491739160576
1239251429476511747
1239251688101253120
1239254094092566529
1239271109591089152
1239275343002861569
1239350743456452608
1239403804405137411
1239409300717457409
1239465691234746370
1239528398038466562
1239533293382467584
1239534501744660480
1239546366914748416
1239546472124702720
1239554035851702278
1239568720810463234
1239571318636531713
1239576445615312898
1239578304585310209
1239593004828147712
1239691781635268608
1239751527058886656
1239766432839155712
1239771921828495360
1239806310587064320
1239861911002345473
1239929754574295041
1239933258218930176
1239980586552512512
1240144191864389639
1240152948182835202
1240167435648397313
1240212752951422976
1240228377442877444
1240231062418026502
1240258223631937536
1240273273121910786
1240284321920864256
1240284699546828801
1240299797808066560
1240307465083895809
1240321900255068160
1240333441494892544
1240349871346987010
1240352402966003714
1240362296083451904
1240392127265280003
1240407634416730119
1240463293296279557
1240522268209319943
1240568856873070594
1240579564436434944
1240608471453773824
1240614936000241671
1240664909152686080
1240692111554400257
1240822933280428039
1240900515048767490
1240923348261101568
1240954695650287622
1240955052405272576
1240956333869981696
1240964699073720321
1240969992977424385
1240971356436672512
1240974677515866112
1240987100314566661
1241047666286571520
1241111398253506560
1241126083673686017
1241195558540197890
1241196526610927617
1241363920369172486
1241386584714276865
1241416094163836929
1241479974663729152
1241480711938478087
1241491211929731072
1241536070178574336
1241614342946250753
1241622923535777793
1241632040505823232
1241726323510243328
1241752156706869249
1241766621607231488
1241769291831279616
1241770642791424000
1241777419515764738
1241780651457753088
1241826990862356484
1241858133523193857
1241873327272198152
1241881716211376131
1241980932741107712
1241994486718365696
1242051180408090624
1242054015770169344
1242057539128307713
1242083790563864576
1242102084901666816
1242132599734259716
1242186113147691010
1242195849809203203
1242215546894024711
1242251532742979584
1242289189170765824
1242354121887408129
1242384957143756802
1242394707403169792
1242413108376686594
1242422753682051072
1242426454069129216
1242429268157751296
1242431698635304961
1242434187682091009
1242441536509374464
1242451518751682562
1242458460102561795
1242462009683333120
1242462273416974336
1242462707313299458
1242462743036231681
1242463487521173504
1242463854451286021
1242464187181346816
1242469186737016832
1242472791775031298
1242473632493981696
1242473780041199616
1242474121239441408
1242478627163439104
1242481007233769474
1242481819137777665
1242487597966020610
1242488829321199616
1242491484185808896
1242501141285326849
1242503450673504258
1242505406364213249
1242516643982516231
1242517563327893504
1242532132611690497
1242534303000559616
1242540923252244480
1242545241338417152
1242549443041378310
1242549723463995392
1242551915231293443
1242556283665788928
1242561640135929857
1242562019800350722
1242562215238139905
1242565091138113539
1242566115433287681
1242614626304454656
1242639490465665024
1242755605099659267
1242810285301231616
1242813974703415297
1242834834986237955
1242836498614976513
1242851472997519366
1242933253809422336
1242944867313029121
1243001127488098305
1243111940819505152
1243111951795916801
1243243707563823104
1243244954127872000
1243331407029702657
1243376497554894850
1243379784647835648
1243510014981083138
1243573268230987776
1243600295315324929
1243601575894904832
1243628202880192512
1243653066752212995
1243668878418497536
1243710296549740551
1243718175721582592
1243962896268353536
1243973105535483906
1243999280685350917
1244119593750343680
1244159214072840192
1244186199696211968
1244272713432252417
1244273308834697219
1244694680832483330
1244955734871142400
1245052012472995840
1245241470841389056
1245289091639521280
1245294187668549632
1245749188672929792
1245750338658975753
1245796896054132736
1245812913140629504
1245828135192424455
1246074145747521536
1246074296394342401
1246081017141547008
1246120371780231170
1246241575467978752
1246808666281574401
1246905431298936832
1247106231044575238
1247160695533133824
1247180567730364423
1247185675696214016
1247236362102661126
1247240895520485383
1247337500315705344
1247463970400804864
1247540122020499457
1247551020823166983
1247616941159669761
1247968143097704449
1248100111143571456
1248256985100845057
1248656710136295424
1248667327975108609
1248898286703927297
1249342508041220097
1249798286472511488
1249804633767280642
1249988535588970498
1250054449407520768
1250419870493290496
1250428897524506630
1250470555288920066
1250650124088295425
1250774756128931843
1250914868741287936
1250934689810055170
1251542260283400195
1251768757086715904
1251806505483067395
1251843268062609408
1252595817174765568
1252607867179405312
1252618620225630212
1252976271119790080
1252979188258222080
1253300739369250818
1253407941924798465
1253453053073776640
1253626306882875397
1253637187817689091
1253950914206904320
1253969147416829955
1256168748073005062
1256225679735226369
1257290192303644674
1257452418293534721
1257948653748019200
1258118107958095872
1258660177919840256
1258829673817157635
1258886610877386753
1259128939622141953
1259565389320683521
1259682636127141888
1260208671046488068
1260233952935186432
1260460296449261577
1260555394524610564
1263046853274275841
1263047260033765376
1263189247466459136
1263212265681141760
1263303503327330304
1263332904735834114
1263474309969952775
1263500286519324673
1263543866004824066
1263561777805029378
1263601530734690304
1263614718566113280
1263624007439523845
1263663705864036353
1263669663214514179
1263669906727481344
1263672456100839425
1263695475091406851
1263737215651319809
1263741000520007680
1263756488818012162
1263767299166740480
1263797482326159364
1263813690979233792
1263844563015184384
1263884958927597569
1263890471861903361
1263894786546765830
1263894979040153601
1263928927459966983
1263940589357338628
1263969891628879872
1264016435585716227
1264020073620164614
1264086410296020993
1264103255249952768
1264109173178093573
1264112675354746881
1264113025713426433
1264114207257235456
1264136273683460096
1264137985953615872
1264164518097108993
1264207267613851649
1264271750965190657
1264281333431484418
1264303000253861889
1264311416787435520
1264318633154473984
1264336498582790145
1264351768751849473
1264374906440962050
1264408092697133056
1264432898305916928
1264478448115945477
1264514121292304384
1264526528613879808
1264541069364117510
1264541850792267776
1264556762243510272
1264559919879028737
1264625591745011712
1264673392508252162
1264679160783556613
1264684307592986624
1264709680288366594
1264794366276763648
1264828119908786176
1264867889187864577
1264890686542712832
1264891227192922113
1264896241000800258
1264922921429917697
1264939048784756738
1264941948315598854
1264960008925646852
1264962923463614469
1264971882731888640
1265028416119635971
1265032526512427011
1265032993137180673
1265049120475172864
1265094881707388928
1265141662415597574
1265173244207927297
1265177906197733376
1265192367356772358
1265199306048442368
1265202497607606272
1265204308766789632
1265206086367313920
1265246298447458309
1265246717177462785
1265280592071012354
1265283622778605570
1265285525151285248
1265287056189566976
1265289130747015168
1265296465456488450
1265307316204830722
1265308844353376257
1265315361999609862
1265315897838907392
1265350579259232256
1265375661558042624
1265379467444260864
1265388661148794880
1265396424134533121
1265398231527194624
1265400763087556608
1265414308789235712
1265421005998174208
1265515900934946818
1265522715697577986
1265542495129219072
1265563776897728513
1265585123405303810
1265614199180464136
1265628476364558337
1265644069725843457
1265656006618615808
1265658471560740871
1265663769407078400
1265674122165514241
1265685819538407425
1265689479689523207
1265754250706997248
1265761108658438144
1265802733858291713
1265823472254619650
1265835423500324865
1265843762426777602
1265863993668730882
1265869182089846784
1265870366007652352
1265888636874174464
1265938447476260864
1265952295654699010
1265961251949015040
1265999634150813701
1266001811439341568
1266004868147208197
1266010468734377990
1266022037627310081
1266026188469866496
1266028959185199105
1266034039607058433
1266053277210128385
1266055311347023872
1266063935012319233
1266083847969570816
1266084828111351808
1266087736345268226
1266142390441725953
1266163846193926144
1266166299014512640
1266169024855097344
1266175564634783745
1266226221672656897
1266238245228015616
1266244887772450817
1266328631611097091
1266360659094253569
1266395161396940807
1266406567416664071
1266407830308786176
1266412623307792390
1266415030892978177
1266436650130829312
1266456672110854153
1266473156262481925
1266474735283601409
1266494423103307776
1266504596748488714
1266561215024619520
1266621614260715521
1267807330525229059
1267812547157127170
1267813492993650688
1268603748143828996
1269054255983280128
1269644216042487810
1269913851614683136
1270059459616923648
1270403264413040640
1270527694019670018
1270767970243969024
1270923839875227648
1271128246768336896
1271153291565678592
1272786549793386496
1272793633704607744
1272793780798676998
1272806155018878976
1272815202262753280
1272816257473994754
1272818062799052805
1272827425718538240
1272852843339317251
1272860777892974593
1272865308529823745
1272870082767515648
1272877416755548160
1272878134275092480
1272881990971293696
1272882550093086723
1272884683030831104
1272889248027488256
1272889999076229122
1272890970183475200
1272891241286549514
1272895324823175168
1272896027788488711
1272900413122129926
1272900603329511425
1272903223439917062
1272905679200804868
1272906789990936577
1272908792922062851
1272917396542697472
1272921391139037184
1272931016982712320
1272931324110663680
1272933942052732934
1272934241039536129
1272934319305064448
1272934477312987136
1272935753631268865
1272937357591773186
1272939302293590016
1272943798268682241
1272944664803307522
1272945327948140546
1272946236308566020
1272947425867595776
1272949723926687744
1272950175061999616
1272952202227843072
1272954154911236096
1272957727011041281
1272957798381506560
1272957830790856705
1272961500118945793
1272966953200545793
1272968293574275072
1272968588215889923
1272972546577760256
1272973456850763777
1272974156980772864
1272975438395080706
1272976560362909696
1272978513449140227
1272980576384008192
1272982096278102017
1272984982017867776
1272991326217232384
1272995841309945857
1272999784039673859
1273007447649779712
1273022079240146944
1273035687676252160
1273038422286962689
1273042611599814656
1273043614835322882
1273049382611562498
1273051397676847109
1273052539345350657
1273052895043375105
1273058595786166275
1273064681465249793
1273079052224651264
1273082178981806080
1273086265014005765
1273086341656522753
1273093070125441025
1273095386438283266
1273097675106328582
1273098453476757504
1273107855374237699
1273112860990869504
1273118057003732994
1273128492729864193
1273130256296226817
1273134333855961089
1273171085643657217
1273223845860855810
1273226653800574976
1273239954081091584
1273246015244709888
1273248481898041344
1273249098636890113
1273253660173070337
1273256150172151810
1273258259600809986
1273261985673682945
1273264183329652748
1273273179868475392
1273276551103160320
1273276716941668352
1273276950166016002
1273280622581121025
1273281742208729088
1273282232359301124
1273282238864654336
1273285027556548608
1273287681418485760
1273288525501411328
1273288626349076480
1273290106430873601
1273290303298994177
1273295819404390400
1273297276602064896
1273297891168333824
1273299662913581056
1273304385506942976
1273315067833061384
1273322637788360705
1273323195987374084
1273325777514385410
1273326227324051456
1273326687862702080
1273330554616700930
1273336748387508232
1273344278643654656
1273346463532269568
1273348020227080194
1273348464706027520
1273348944857366529
1273349200957157376
1273349252484300805
1273352444634898433
1273355953719529477
1273364652253040640
1273375295337357316
1273378079998504960
1273380848893661187
1273384940223283206
1273392921752989702
1273397129806000129
1273404219995885570
1273405647409885184
1273406260419850241
1273408940450217984
1273413834003427328
1273414131618426880
1273415898922188808
1273416848982212608
1273424870005751809
1273450146848628738
1273457190565634048
1273465036502073344
1273473301415952386
1273477141963911168
1273482857088860160
1273488147565801479
1273491877388529664
1273513635088719872
1273514222509535232
1273514422724681728
1273518470605557760
1273527190148329477
1273549102345846786
1273555443193753600
1273580878774616065
1273582942703497222
1273583691164520448
1273585752983519235
1273586370124976128
1273586441843597312
1273592229379047424
1273595889920196614
1273605465927110656
1273609247998316545
1273611227307167745
1273612737399177219
1273617672790577152
1273621900032380935
1273623094712774656
1273626683141210114
1273631614564814848
1273635285528481793
1273644513974616064
1273652008684224519
1273652980924010499
1273655982669926400
1273659829681360897
1273660070631530496
1273663986635026434
1273668433708605440
1273676253195689985
1273686484919484426
1273686933659500544
1273691510823964673
1273698237312987137
1273709724668776448
1273711023053135872
1273719444380848128
1273723924858245125
1273724673956642821
1273737511098032128
1273745150439645185
1273750482457112577
1273752036128014342
1273755243105247233
1273760218493734915
1273763645185384448
1273770565631905792
1273771098191081474
1273778219162853377
1273779591803400192
1273787785430925315
1273801942913839104
1273806722339991552
1273813283359928320
1273816872635392000
1273821101018230784
1273828762317197323
1273830154406490113
1273832128686555136
1273834621235539973
1273836239356153858
1273846955303530496
1273853024666939392
1273866718926913536
1273867531946807296
1273872743671271430
1273876187547414528
1273888337250713600
1273890279355904000
1273895872997269504
1273901738001604609
1273916380467859456
1273936930145734659
1273939868981366785
1273954830877368320
1273962635541639169
1273974860293844993
1273981754257207296
1273990964831543296
1273997271210897408
1273999806147424256
1274000424052363265
1274003519851212806
1274007219797975041
1274009048640139265
1274009339280478209
1274010534275239936
1274014423942926338
1274018518657359872
1274024648011927552
1274027351429480448
1274046925050990592
1274048145715007489
1274048533944041479
1274055689351000064
1274074485080154112
1274080237664399360
1274080987115401217
1274081583872565248
1274085322649935872
1274090638817079297
1274094175336579072
1274095029917831176
1274098303467216902
1274102954367180800
1274109621410676736
1274111298838519808
1274111835172737025
1274118222133035008
1274130573343277062
1274140129393852416
1274148844759134209
1274154327058325504
1274155127973261313
1274159371262390273
1274162460233289730
1274163061230714881
1274170661913669632
1274177673208659968
1274181658930012163
1274181677653168136
1274193104677961728
1274195127553196037
1274201757875306498
1274223354317279234
1274226462829301763
1274226935552454657
1274228616067416065
1274244043585712128
1274248177227403269
1274251245742706688
1274255918721413121
1274274787938848768
1274279952058376192
1274281333171400704
1274283816216035333
1274290617376440320
1274306971257180161
1274317456446758914
1274321021990875138
1274329013507555331
1274334226247286790
1274335519959388160
1274339075286134785
1274340733562970112
1274341778389336065
1274341829979365376
1274344809445167104
1274355458417942528
1274370495748718593
1274378811480686594
1274381603343446017
1274385384760324096
1274386868457570305
1274388951868960770
1274395668107280385
1274403733166645248
1274404523965124609
1274415120744144896
1274418792899022848
1274419125310218240
1274423407099035650
1274424241685962758
1274426460074209280
1274438669798125568
1274442940165783552
1274444077073915910
1274449180283432960
1274471944524611587
1274479774170337280
1274480399582986247
1274485103452917760
1274497501005897729
1274509286622638080
1274514481083604992
1274522028570271744
1274524547564236800
1274526592124010500
1274531389329698816
1274542468168630272
1274551802759766017
1274552997394120705
1274558426178347009
1274567355981533184
1274567650828484610
1274568243232018432
1274587533871988736
1274591048807837696
1274610057561411584
1274626873729974273
1274634577546366978
1274663928568721414
1274665518428020736
1274669202536689665
1274684528280256512
1274689418641788930
1274697575220883458
1274709245829672961
1274717359794786304
1274718466755477504
1274730919014825984
1274734942677852160
1274740768616280064
1274748780919656449
1274759121422647298
1274759927135973377
1274764086555947014
1274778618447704064
1274781542582300675
1274787878728536068
1274792244449554433
1274792602282291200
1274823099163148288
1274826380128239616
1274826856961728513
1274831845952086020
1274834730903429120
1274836251070226432
1274847236153921536
1274862235874181120
1274862644672036871
1274865083672219648
1274867844862353410
1274874403973738496
1274877049639809024
1274905175220613121
1274912678750965760
1274912736842055680
1274914704234737664
1274916926490152962
1274921651512193024
1274929154786541569
1274933173940416512
1274938276822974464
1274943894090772480
1274945519165607936
1274947135339761664
1274955551911424000
1274963753524776960
1274966304043208706
1274998840840671233
1274999867530792960
1275018204348321792
1275021950449049606
1275036303000813568
1275041209468231682
1275049786278846466
1275051885809086464
1275058673438593024
1275058890527277056
1275060224081231873
1275063748328374272
1275066013399334912
1275075447219302403
1275075681517359105
1275076226982359040
1275078640632389638
1275087762534928384
1275088791636713474
1275090636140675072
1275090781494300676
1275095510702010369
1275100871076925440
1275101089071685639
1275105530772684806
1275108580862111746
1275112466222120960
1275117356075941889
1275117616902914051
1275121587877023744
1275123133738094593
1275128158589575168
1275132030771134468
1275132480736186368
1275133345203134465
1275145932812607488
1275149486600437769
1275151134274072576
1275153305157672961
1275157194179334146
1275166744093605888
1275171295622119424
1275172199897403392
1275173072694378496
1275173213052399616
1275179856175734787
1275180007887953921
1275181012432101376
1275187394166296577
1275189794327461890
1275221180711043072
1275221249019559937
1275221758681866242
1275223127123849216
1275243170616406017
1275247306565009408
1275250042304069632
1275253702757138433
1275255832331026433
1275264432281718790
1275271268468764679
1275273673210036225
1275284186253758464
1275295803058388993
1275296907800178688
1275300283552108547
1275300323624509440
1275310719257456640
1275317764706594816
1275318421803204609
1275321232972447744
1275321708606603264
1275322339446710274
1275341455343616007
1275351538240798721
1275365207578161152
1275365719287517185
1275365826162556928
1275380612761698304
1275389766901608449
1275397971807555589
1275400138668666880
1275400814077624320
1275401004410966025
1275402782665834496
1275403211931881472
1275403660793540610
1275405172244541440
1275409520626487297
1275415926985252867
1275418363129294849
1275418845080178688
1275421004735541249
1275422194873634816
1275422213571780608
1275423082304372738
1275427826599108608
1275428166266425344
1275428632081530882
1275430414807560193
1275437430120738816
1275440309724344321
1275445915407376384
1275448006775455744
1275448593831260162
1275449534005551104
1275456870560477184
1275460869078618113
1275462008452927488
1275466660737155074
1275467095963295747
1275467151172870144
1275471132452442112
1275474567843192832
1275477014367965186
1275477779182575617
1275479777890230274
1275481655105339392
1275482568205320193
1275485842170097666
1275489452568334339
1275490937880358913
1275495693390450690
1275496077806972930
1275496921705197568
1275497019398934528
1275504311519211520
1275505405066653697
1275506952882098176
1275523308147138560
1275523364107452417
1275525971534282753
1275532449859219464
1275539330707206145
1275545625665441792
1275545781521580035
1275546106131349504
1275548190616453126
1275549767565815810
1275555036781842432
1275557067714031616
1275559466705072128
1275561091431641089
1275568516024823809
1275575863032020992
1275578028249284610
1275584854822752256
1275587764394831874
1275592420491776000
1275611128727560194
1275619353669406721
1275624244580237312
1275627943436464134
1275630751837573120
1275632255076126721
1275632386206691328
1275632564657459200
1275633646121234432
1275634465986023424
1275635073568722950
1275641768319557634
1275643384590458881
1275647038051450880
1275648095267717127
1275661489731485697
1275666285586759681
1275667990235799553
1275675209429921793
1275695289232510978
1275698935772909575
1275701942690381825
1275712653751697410
1275712752900812801
1275719021720190981
1275722834522734592
1275723119362215936
1275723804858294272
1275733660298358785
1275744039510433792
1275751423989317632
1275757969100111872
1275759064526528512
1275763316472680449
1275771290687803392
1275772913552183301
1275773036235350022
1275780044376309761
1275782993618092036
1275785183816491008
1275785864384262145
1275789560555896832
1275791644449742850
1275792539295944704
1275793615701172226
1275799904594640896
1275801849371607048
1275803716864675846
1275810262868779008
1275810958837862401
1275811070574309377
1275815573218304000
1275821474272641024
1275822194874966016
1275822388056334336
1275823488440266752
1275824010429939712
1275824324495237120
1275824573544632321
1275826883020685314
1275832161703211008
1275834438702727173
1275860821936144386
1276013114522206209
1276161236636446721
1276260840010854400
1276395117843267585
1276600605851574273
1276826520049332224
1276999056838012931
1277629144851980288
1277667933758595072
1277669998757064705
1277701327909466113
1277707176052764672
1277791156450013185
1277796901111377920
1277882825077936129
1277932200030175238
1278002110571872256
1278032893894258688
1278053512123908097
1278065046212485122
1278106157245059073
1278258078622707714
1278283472176545799
1278283662878965760
1278356640698437636
1278364829703475202
1278427613388771329
1278431147668713476
1278448495125553153
1278461725222682624
1278494714254114816
1278541191592599560
1278583293093376006
1278629413953945603
1278645861573165056
1278672646285205504
1278687987463786496
1278741972421754880
1278745751342837761
1278763122979979264
1278766404880207872
1278785727778754560
1278832470717280256
1278866423939428352
1278878295170281472
1278879214859620352
1278879237554880512
1278928205743747073
1278964692803653633
1279026546422865921
1279040519079890947
1279047018367852545
1279063480432300032
1279107565075357697
1279114329380528129
1279138778603499520
1279148195809910785
1279171910505562112
1279202125797457920
1279245331885166597
1279290752707842059
1279339223842242561
1279456879475908608
1279465319661215745
1279494190112571395
1279508090220470272
1279784216750886913
1279803976771305474
1279848000156663810
1279851512739639297
1279873190970482694
1279898339090337794
1280040312791072768
1280045476709126144
1280101914215174144
1280158249946435584
1280163014071783424
1280164807166091266
1280191026393690117
1280196842601492481
1280202714035695622
1280207948778745857
1280208806262083585
1280230537110540290
1280231500718489609
1280243480753733633
1280259277899403264
1280260100821790721
1280271742821371905
1280288904797548544
1280400990366294018
1280492166318563330
1280502733028626432
1280537562919075842
1280563348623384576
1280583516808495104
1280634933640339456
1280654762950774785
1280675380014309376
1280693005599506432
