1224511422484238336
1238812169095057408
1235071594906537985
1224367464617861121
1274433834826608641
1221742862343254018
1223921427608264704
1221123142434861057
1224018632734175232
1222208811332767744
1234923472268165127
1224422675784830977
1224061670361726976
1247787463461883905
1224072317011054592
1223402846487375872
1223701260802482177
1276021703815180288
1247792693658275842
1240603923225800705
1234973553583243264
1224103940557623307
1224336131216625664
1223544708309192706
1223656262363164678
1220923985061269505
1224133323687067648
1235186307707604993
1222275518562570240
1236143398119145472
1254149451297353728
1276017267315105793
1236310049523412994
1224358276969578496
1221118254547996672
1224885172635688966
1224555581509447680
1223628483504394242
1223988818560323585
1272106427486699520
1223656860734984192
1224809459177922560
1241151210389815296
1224833966152278016
1224573652017958912
1223921062553047040
1224470516599148544
1237428900709502977
1224387936604409862
1272254198613192704
1223702561267617799
1236741277904965632
1235268255520038918
1224947424483061770
1235265020478488578
1224942853434093568
1268994347187527680
1275588221326503936
1274690846865014786
1223958009375686656
1224243241094189057
1224091045639741446
1224241416517275648
1235267030254620675
1223755930891968512
1223658249607577600
1272293202175971329
1238788225461862401
1223659290327756802
1234211635125837825
1236142960229507072
1223862181453647873
1224289938147069952
1224076807839703040
1223696811812061185
1236711262689480704
1242561603595362306
1224147336378499072
1224148337965838338
1223851954285223936
1275532944413806593
1222214924530847751
1272289960658210816
1236140013286457344
1243801540487495681
1237360131098148869
1236705416786010112
1223668462351982592
1224724671649796098
1223610458504036352
1234899110358134785
1223194781221707776
1223995005204910081
1220920336763555842
1247919773234515968
1224242631774855168
1224402321012142080
1223667808481005569
1222646687757410304
1224048479615569922
1237423321567784966
1224304026143150080
1223403873907433473
1222901083917283334
1224782455217053697
1223851614982889478
1223845204496506882
1223441684752732161
1224226490721689600
1223853709672603649
1272105636810063873
1223404169362649090
1224811371713515526
1222632398694731777
1224037299140415490
1224659353933795329
1223965998719483909
1223554150887124993
1269018147878830083
1222274246006755330
1224403951321305092
1224329424616611845
1244257780401418240
1234971156072894464
1223558086805413888
1255852174741065728
1224483303853420545
1224606404193017856
1272551436061114374
1222630607114645509
1223872206179983361
1224503691467796480
1223862105234866176
1223425362077659136
1243801712667897856
1223238987369852928
1253629332771274753
1253634394364968960
1234922273678807040
1234085037114642433
1222648433804292097
1253246736123871232
1221172044215267328
1236747317295878146
1223817462317117441
1223424431445417984
1224948343278718978
1273769521992564736
1224103815198232576
1236736013357264898
1235632820640505864
1223062159636103168
1223611216976891905
1248411928734470144
1221125896314114048
1273691371950530560
1223424107531735041
1236432412701331457
1224407589192196096
1234212577711972354
1223671297806192641
1224131098030092288
1247670174100135936
1234211360990531587
1223802927044628481
1272290535051415553
1223810295019311104
1224777825703600133
1268986872430116864
1270343128344662021
1220932092109848576
1221267471014907904
1242402199323447296
1223957672841469952
1222212724869881856
1224202245807304704
1273778028074713089
1224576431444910084
1222633711515996160
1270339891998666754
1223195160453869568
1242149920372592642
1235627412940963840
1272157328280862720
1272552274154446848
1243651112256671744
1245311088113180672
1223836954011283456
1235181235854598147
1221118531074281473
1224789967832059904
1275218958669447171
1223736499503534084
1224755757490544641
1223182413356044289
1223555859298451457
1234149431378726912
1273769952936419329
1223974471054135298
1276020169048031232
1237424466940084226
1274415489343565826
1272155451401134080
1224085652423180288
1224589029598875650
1224547598800809984
1223801218113380357
1223836803985068037
1223609193330040833
1270226662588702720
1274699871073828864
1222637743144144896
1224910770003156992
1224328977998725121
1223901643823030274
1224158680033255425
1240171056234520576
1238818330208763904
1223620481120710658
1224206232963043329
1223838337577836551
1224544309929746432
1224019823484686336
1224792468727783427
1222906896899825664
1224203022655348736
1239751680129826816
1237702636041842689
1224358414320578562
1234153885297672192
1270226318010040321
1253471890649288710
1224505115685507072
1235267539392843777
1236437732689350656
1243715381149212679
1224638381663178754
1224806049934217216
1235426922550693889
1251996636886167552
1234153473937113088
1253471899507658753
1236741596714065921
1235187904386920449
1222266190124290048
1234017957325479936
1223837812912422912
1253236175046926337
1224868336149749760
1223889980285689856
1224160324414164993
1234151931792252928
1247816191030128641
1224605879552618497
1224549340758167552
1272105536117518341
1224545513036378112
1243806729508466688
1235184506040135685
1270342853982650371
1272294087178293254
1222180955504463873
1234151307788869633
1245042153127993344
1240543132774694912
1234155045341597696
1272158506725126144
1223646814152413184
1224762779258757126
1237348294063525890
1275587289800982528
1223810335557079042
1272103917619253249
1255651981676470275
1234150188211671041
1224690589565968384
1236432534709268480
1220929384166645760
1236746805234356225
1272293860425658368
1223409366365278210
1224448045489635334
1223407758248005632
1234924271807451136
1222212898530955265
1224467776657428482
1224225313548394496
1223401920754266114
1223718855828107264
1253634687899258880
1242402509660000257
1224018111218667520
1249034698602319872
1224774725911576576
1222638422248108032
1224160907812593664
1247464170464952320
1223685585107185664
1224778878268239872
1223852588610859008
1237697108821471235
1234155330055135233
1224439466464428032
1224835028238114816
1220919550096629762
1224179976657752064
1224145729113010176
1222909329319264257
1224272653193625600
1236153115851870208
1254144337882968069
1270226603830894593
1236309797860933632
1224488848174014466
1224676169611665408
1240166136605532160
1224076202580828167
1223054710581661696
1243646293173567495
1223870618757554176
1224019959992541189
1222909746144927745
1224076373175615488
1235350417304932353
1224257400716136448
1272103222057078785
1223686327180439552
1224757572575678466
1222206849371512840
1272290084314742784
1268982331303493641
1224467765475663878
1224346828549824513
1224179604706885632
1224812013836091392
1222369118617206785
1236736126708256768
1222640123856269313
1224063075541815296
1224549931513536512
1224143534028197888
1253471719676919808
1234211109273526272
1224417634780839937
1234211853510856706
1224895054646476806
1224002990375239680
1224217083761659904
1223697940247609346
1244836237803958272
1224450670947778561
1272550369944576000
1255105206905450496
1224753954829033479
1224086086076391425
1224245502755078145
1223232100322574336
1221173846650380288
1234969612686708736
1223777091457413120
1272155927878107138
1223433884718620673
1274690892901650434
1242941859686645765
1224291839613853696
1234924881915109377
1235275588237025280
1223117700920012800
1224077433135079424
1224720990971797504
1223879362983813120
1223871954093887489
1237697952727977985
1253241405864120320
1236742168183635968
1237610702124109825
1273774793565908992
1222207826203987971
1224530163301601280
1223853224509222912
1252999507215695873
1223994458359959553
1222208211140468741
1251725860786274312
1224147291222761472
1223852882040172545
1224639432944472065
1223755249346916352
1236315644116729856
1235638280663822338
1221994733872001030
1222273232503484416
1224800056999469056
1223610491022512129
1245042970723680256
1236705085662560258
1224633803257180160
1253472519669059589
1221997086587138053
1234149160191918080
1243651150018199555
1223967149607280640
1223231623602352128
1240166593423958017
1251996536503808001
1224836803045273602
1224128977779986433
1223400548789080070
1223398615919616005
1270224894618406912
1243169287260471297
1237429885783756800
1222175523469692928
1274692667629281281
1224223632487931905
1224783040037228548
1223556482320478209
1276017571293048832
1242533153677459458
1223801355632041986
1236742385645879297
1244836310000549893
1223837781425704961
1223720771492679682
1234899555923177472
1235264128840855553
1223715528575004673
1223901318562992130
1223421715675525125
1224119946629787648
1223054649273372672
1223974503895785473
1223234305104777216
1236699787208130562
1241787952092585985
1223568431280091136
1223717341810262016
1247919709540044801
1224693957520654339
1237430279939198977
1238612943639437312
1255951323687780352
1224586978617970688
1223861363740512256
1224102455497101312
1235267529079230464
1223171696439386112
1223703631662407680
1222904850477977600
1223611802296180737
1224241187520831489
1224506276266332161
1221272416002945029
1224940172707418112
1243669206618394624
1239515755105968128
1224574468212711424
1238612904968151042
1224466622276161538
1223870445885087745
1222276810764955649
1224407385550348289
1223113533988065281
1224761440185221121
1223723180990308355
1272159525471207426
1271668331481690114
1223881249346871299
1238718664695615488
1235185342572986370
1224532625240387584
1238829146979086336
1244824548203286531
1272153767069143042
1244252567133212672
1223190437642399744
1224910910294241281
1223425296235253760
1224867083428728832
1255951567624310785
1224367849113780225
1224661781722865664
1275590346785906688
1253235793067479040
1276023113629569024
1221745038964723712
1223429641181986825
1253229849403162625
1234971611687575553
1224327675000631301
1223397398833057792
1223817140278636545
1224336536587534338
1224628989806948352
1224037511984492544
1222635117660790786
1224003279106871297
1271667834662187009
1224724979230461952
1224807595736813569
1274690590677118976
1235265529415438336
1223722120242507776
1222142218045018114
1223721112049156097
1242527076059500550
1223553928614285312
1242149974810357760
1224585124655726595
1222629296738467842
1221174121289015296
1224337311233728512
1223683891669585920
1273768883208536064
1272552397177585679
1223646505212555272
1253634213619945472
1269550447418843136
1272158953590460417
1236741525016625152
1224160545458225158
1236788731803136000
1237697947577585665
1273773844990275584
1223186324204785664
1272548643015286784
1241145367829319683
1267778516273311744
1237423786884050944
1223404123585839104
1223870755869470720
1224375578943320064
1223657460734418944
1223902133826621441
1223611372585521152
1223184895888982017
1223933079049449478
1243462288633401344
1223704488017584128
1223995927653994497
1221996251408814080
1235182293616070658
1224441711624982529
1243462649712488448
1224318683046084609
1224694202312904704
1223420525772492801
1234925938506227712
1234971322880446466
1235183036850991107
1236736460222496768
1242813773150400519
1223599381049376769
1224059647885225985
1224003202812608512
1224676139618066433
1273690266801709056
1222633171755458567
1247786469491535875
1255105122016702466
1223719845025337344
1274700497577000960
1224660055573790720
1224060130410606598
1224198081555681280
1224588065655730177
1223054353344466949
1223567460215021569
1254148902132912129
1235626831107129344
1274415677668032513
1222141886191886336
1238013380629151744
1223891139725578242
1272100604933025802
1220969202586046464
1224608253298061312
1253105946877931520
1223232904647577601
1234971097914720257
1224550021133041664
1223406432311267329
1224722169453776896
1234153896139984896
1224336498624995334
1224407838123905026
1274696976546664449
1223800324722515970
1249034627131547650
1238681814266306560
1222212421600890883
1272293214393970688
1244252911108055040
1223899024039657472
1223723041097748486
1269016945678077964
1223601199523553280
1223959571665833984
1224859713457684481
1272294669171347456
1252999322821681153
1223048685975670785
1222203109860048896
1223845039857528832
1275218436906344449
1224750643266695168
1223922859916922880
1250192611484172288
1222273850181849090
1224721560696692737
1222639022268395523
1224462456082325505
1236705957473923073
1223871768957374464
1241139927984812033
1235637957068853249
1223951093706694656
1223861469290188800
1224641586778144773
1224775730049028096
1272552866658615297
1224643045397860352
1224277463326437377
1222203756269522948
1224547385725968385
1224854120227577856
1224557593407913988
1275589433455194119
1255951546275131394
1240603581297963009
1223761946748628998
1234151794902568962
1223910628269731840
1223901039356567553
1224694034377007105
1223610906061332481
1223881164777295872
1222633035851583489
1224242338823917569
1234209597143027712
1222903923440095236
1253229431029563394
1222203628955455488
1238829478639472640
1239021468694073344
1247458937126993922
1269553376477556737
1224039345402847234
1244836468713033728
1224076369128194049
1224050156380749824
1274416055625158660
1276018841416540161
1237424147921121281
1270340614983467009
1244722496625971202
1224464662177206277
1224679692285988864
1244961995759157248
1223197086197272582
1224703245400059905
1236741248041525249
1223853852744503297
1223198979241824257
1239414202114039808
1223180046883573760
1241873436160425991
1222645047847350272
1222631121604661249
1274701139754262529
1239016733081571329
1242527201972629505
1222214189005123585
1236152922720919553
1224404245178351617
1224367744931573760
1223980725495615489
1239021477204242432
1222139060325703680
1224355834408271872
1222208793678884864
1235182330182086656
1223838054441316352
1255656665577213952
1224695008277811200
1268981700786192385
1224531124749099008
1223197206477447168
1272162603884843008
1272160490081443840
1224378762743054337
1224347575152775168
1222902672031793152
1220930023189704705
1248407142475816968
1224255113717399552
1234149557828771840
1223417266634551303
1223901005907156992
1236142395521224704
1223771427058352133
1222138250225160194
1224913387693330434
1223451605380620288
1223619792789299200
1223950562162626563
1255846689027559425
1272256014226583552
1237423174746132483
1222207309159395329
1238018388359815169
1224558794744700928
1275594420604276736
1276021014632239108
1240009797870792706
1223800900415827968
1234151088959447040
1272254472350294018
1237697348828094464
1224133097991692290
1272101579852615680
1240603367530852353
1234922618123321346
1234149182451134468
1274433922860900352
1244413691484868613
1222637357892960257
1273775225549795331
1238613522067660806
1224011473934004224
1272257114287808513
1240541979345178624
1222265138171957249
1270227959740276736
1223416248614236160
1223602705567907840
1221745300244705282
1234151725151539200
1253467247844130816
1235182210212225024
1224761223410933761
1223684032032051201
1222648572262244352
1272553919663792129
1223429640280211456
1272252969581449216
1224572876621107202
1239748492316356616
1223845540426735616
1223817499273089024
1272104610585546754
1270342325101899782
1250192292918501378
1223880783057702912
1236746890676330496
1236747372081958913
1224776167569481732
1224887613938470912
1235263923953307648
1234078385825107968
1272106165510393858
1224628759040610304
1224802792021168128
1223987009665912832
1235072634477412352
1248407419442458628
1224391460931305472
1253472235290951681
1224656914656743424
1223432741598818304
1223756866750160898
1221121791524921344
1238018077993758726
1223241653131059201
1270220163279773698
1224367810400440320
1251726036808503296
1235268703542890496
1223413897455177729
1223817953570738176
1222626056982745091
1224824620638846976
1223415397791227904
1237021641198223360
1272105213671981057
1272156811207024640
1222908826925641728
1253629831691919360
1224828291913306112
1234900600317452288
1223398751445737472
1240603921006989312
1222271386887979008
1224245326258876417
1223434114440646656
1222204336773533698
1246397924378017793
1224629735528919040
1234969323623546880
1224317511941967872
1224464468865798146
1224271174303043584
1224922390133649408
1236143519133077504
1223761906877550593
1224099042503860224
1235632136121614338
1224511871211827201
1224908814186471427
1224356390702968833
1272153317108584449
1236436279627309056
1240547612190625792
1224705415172280322
1267773322093309952
1254104022757277699
1224134250351464448
1255951068720058370
1222203695254757381
1235264184956440576
1235632497901240320
1224583614081441792
1268994078756286466
1220919853298737153
1223620797727723520
1234926999501705218
1243548154429046787
1224451791036616704
1235071697448886273
1223861428412567552
1272105818389872640
1243669374512201728
1224491913807450113
1223973902973579270
1275533388770955266
1242819939372859392
1221116149817135107
1236736026015666176
1272254768040173568
1223919972453437440
1236711095731138560
1224149446058921985
1247522370954223621
1236875350543609857
1223418581691633665
1253471957456244738
1224645468719706115
1275221089178865667
1223779271052800000
1223880654531846146
1222276057170173955
1224705980103045121
1222651626613133313
1224830789428355073
1234896072817946632
1223054502166577153
1223681375796170754
1234212185259143168
1224238672461074441
1223802961739911173
1224628894516633600
1238718476514021379
1222263140836134912
1223420770551988230
1270224043363520512
1222333911042273286
1224634035185516546
1223193818209701890
1223787344878276608
1224063887517065217
1224739953940131840
1234208479872782338
1245289189354041344
1238766409271795715
1234206831981010945
1235627463910121472
1276021871578771459
1224346733850824706
1224865346009518081
1224379655706202112
1242539399075651584
1224557330051817472
1224147408780656640
1223860506869497856
1224240685764763648
1223724714142633985
1223236873428049921
1224117859036663813
1274432102650560512
1240547650262319104
1272162259863654402
1223618537656324097
1238817247675777025
1224529428044075008
1271411596565319684
1251996506296471552
1224145895085621248
1273776257633849344
1224756908864737280
1274436280777138179
1224489372050915328
1223872099321884672
1224201226461429762
1224072558217236485
1275590704497152000
1224510386399064065
1234926567026982912
1234151358518808576
1272156954958245888
1234207312983871488
1224205600017518592
1234970428067565568
1223054502300876801
1236735608027901952
1237429676307439617
1224089230454001673
1276019605450833920
1224674504632422400
1255372262368260096
1224222410502594560
1223717605850206208
1224356133357412352
1235633167714758657
1275593767211302912
1221266947683180544
1223554391472398336
1240537063880970241
1224270894849232896
1237429621559144448
1223416243186696194
1274697104162775048
1234149430728777728
1223889477195718656
1224392875397537792
1234078187732131841
1221267119570137089
1223941726882025472
1240166702316322817
1223809569148719104
1236783786651799552
1234896947854663682
1224018398369275904
1223844050194894849
1224950326194667520
1224037613901737985
1255366768429850624
1223054699353518080
1239010962092494856
1223880591113736192
1255835552307429376
1253634265230778369
1223182438077095936
1224441247110057985
1223920596272082945
1223851619084689408
1221162387581100033
1223910798692638721
1224534711814385664
1222142167902302211
1222206360051441666
1235186406877777921
1220931969703403522
1224675484614590464
1223061519698681856
1274433517213159427
1224691641614618625
1224289438445928448
1234971253984776193
1224061869486493696
1235637974781423616
1244258736610435072
1247669654836989952
1223680564827262976
1221117110493110272
1221742599905542144
1236431819186339840
1223600143796244481
1272255591541596163
1224532303537459202
1224366023920508935
1255723863305973760
1268009323231350784
1223721155200110592
1239510319443083266
1223801668174635009
1272289615395860492
1242527168489385984
1224401685654556673
1237755489586417667
1224738199869775873
1275590004954353665
1223941779210326022
1224507404395655170
1224237790419812352
1274415821482319872
1237355130229571585
1223232538627530752
1220923200994889735
1224099566917574657
1223697951052247041
1255717496025276416
1238613689827307520
1224242205130469376
1222645508927361029
1224219341698109440
1224185392204677120
1223419396632141824
1224222565905784833
1223230092882653185
1223402092360085505
1275222550575034370
1224638017836658689
1235351325002665984
1222215815505858562
1235181537450225664
1234899473882664960
1272551557549047808
1223415209316028416
1272159859849531392
1269017053110788097
1224358129791426560
1224365012338331649
1234970114623074304
1235268116432723970
1224237827866660870
1223553671788556290
1221992119872774144
1222206751967039489
1240542570914164736
1223685857405624321
1272153957788340228
1275217123359387648
1276021005463572480
1223431946505613312
1223196356745027584
1223681945634103296
1222277466447892480
1222276448192516097
1235263937446383618
1272548390161780737
1253634549667565568
1223242499680088070
1253242000700329984
1242527919647404033
1255712907066736642
1223656909841895426
1224692093345501184
1223399581167378432
1224915720254959622
1223554849452777472
1236710748761608193
1222638869629362177
1234899034411880448
1238817637855084545
1224241435941261312
1222903775876136962
1224885035293192194
1224796111837126656
1268987308851843073
1270342926342774784
1224146287219527681
1224050817461866496
1222902129641213954
1224131636608077825
1275590800836038658
1249046358889201665
1237617043622387715
1224675575438217216
1269551883779276800
1234154264269713408
1224754413753053184
1237360432177983489
1235350479972028420
1222273073165918208
1224176863259447296
1235268404816367618
1223800799177756672
1254944204515692544
1224586915552215040
1223922195493076993
1224908166548209665
1270343907537154048
1222268653263106055
1242156639278583808
1241146794022600704
1224941486434869248
1224506591413723136
1224858968062930946
1222630708323074048
1224115418299760643
1253471827822870528
1243802069871390722
1253241699205369858
1275590321573892096
1234012584153477120
1253105916829982726
1237697252191240193
1236148836558663680
1224610444490440704
1242533124401233922
1224573871589937155
1223790604347416578
1224807058135904256
1272291666540539904
1234925986883473409
1223415047000489984
1234899707413041152
1273769186603470848
1224467916965457920
1221130594593189897
1224706158931345411
1274696071789281280
1222209847086735360
1241128741411131400
1273775836521328640
1235071483367440391
1224418658933407744
1223851702727606275
1272157435990626305
1221174571224596480
1223442878036230145
1223192743926738944
1238676810130284544
1221167491021406210
1221117486759723008
1236142897587777537
1255109971466948609
1275594077170434048
1223823045254664192
1223062477115514880
1224087169175781389
1224484615173431298
1234974605724401666
1224558247182422016
1236741261702377473
1224583018133774336
1234900881662976006
1223672088768262145
1255371684074446855
1224890719585869824
1275590171388514304
1222003827039252481
1253229874946420737
1223672907689230337
1223629358264438784
1236705450978091008
1234970809971556353
1224640490026389504
1223871098200027136
1268982037366673409
1222209422098755584
1224315225844985857
1224529051475267584
1223973851824119809
1234971931943690245
1240621159265325056
1234211718789681152
1224448049381953537
1240547947877720064
1224723216268062721
1223657907889360899
1223170930630975491
1223871787005628416
1271170375041368066
1235627568147181571
1224482559586983937
1223670311431757825
1272254345900445707
1223241527566225409
1223881552335077376
1224467602057113603
1223621066985070593
1234072076006371329
1224678699657596928
1224890875542675458
1270225288262291458
1224705462433652740
1223685454060490755
1243715402624045057
1243668677783846913
1223431199764500480
1224528271326547969
1247792564406632451
1224128469371478016
1224919251968036865
1224133341693104129
1275217994939944960
1236741202160103426
1224402052106854402
1255840808839905280
1235186599228583937
1234645433957273600
1234972574435536896
1235187749193424896
1223054320779833344
1240536518248353793
1224677178845073408
1236547912273776641
1221121183619272705
1224482774440083457
1223777147178844160
1234926301967814656
1253000438057754625
1240547989892063234
1223409975944470529
1223942068566757376
1224488354743324672
1223721789718761473
1224679563311140864
1242561914334597122
1255712492619272192
1276020050940461061
1253236314427863040
1276021694700781568
1239015819377598464
1222132334939512832
1244830936082132994
1272554661770387458
1224529121092554755
1240171047552462849
1237435334767640581
1247459292820549632
1223777336811610113
1272158827677454336
1224160761632763904
1221125574699233282
1222647050015334401
1241874015305728000
1223742813755473920
1224883739278209024
1224949914154782720
1224195819722674176
1224885353049247746
1223440849146609666
1222275690055262212
1255652312913248256
1270222060313120769
1245043180677947394
1223601057508384768
1236788530870915072
1234153046692618240
1255657211797344257
1235183973795586049
1273774108979929088
1243548750003535874
1237021817568743424
1236705223990808577
1223682677284446209
1223959704285507586
1223817248340500480
1223829508681134080
1224545598394621952
1234925050001838081
1224723460162801667
1235632794295926786
1222271096658907136
1222003419361304576
1223399546903920640
1223599260609871872
1224551268951003136
1222646945312731136
1236438332307124225
1242397774148038657
1224673828644716544
1234209865389821952
1243801305820299270
1235183652482560000
1224119936165011457
1275593016980332545
1272549754497568768
1224161691123892224
1272105490441555969
1248407473729327104
1253634521330847744
1255951584187445248
1224837619957280768
1224133915675262976
1272101426613944323
1250384048268218370
1253471731659964417
1243587681730396161
1223687024571572224
1223722625073139718
1237348453128290304
1235350594451320839
1224837895082651649
1247815900893458437
1224920861020278784
1243941084734128129
1276020146922901505
1234927321603280896
1224184459739615232
1246397890748186629
1222263854329159687
1223922953068384256
1223787741860597760
1238834679400316930
1223239283533893632
1272104004416397313
1239021385076391943
1237616184838647808
1222268933853630464
1223600232715317250
1244962285006860288
1251997089799770112
1223063190612869122
1224487987980967937
1223629526090956801
1224618045462605825
1236437590011555840
1244825194662895616
1274690472737267712
1224859895469498368
1272257202401705984
1234969834179395590
1222369825973927936
1272255042561536000
1224689959749193728
1239510243656204288
1234155309314142209
1253472184950861824
1224560907327438848
1222208143427457024
1235184773791748096
1234898810335154176
1251636035705925633
1253000329106423810
1221748725636190208
1269554041870323713
1223402727180357632
1224585128833273856
1238765838913679362
1224946959535853569
1247670157683630081
1221124331822092289
1234152731524452352
1274702829219991555
1220970007716356097
1224408983403925506
1223721716104552448
1255712328567398400
1267785172205928449
1235263747578527745
1224677835526131713
1222654745065742339
1240536627908395008
1224447291416707074
1223853946524979200
1224244654046089216
1223845224616620032
1224678539980656640
1272162643181285377
1236142702015778816
1222004535108886528
1224146104373202944
1275587617401090048
1223762606235832321
1224630646611566592
1271170465357271045
1221127041648451584
1222644746016804865
1253110940993757185
1224693380292067328
1242156471703547906
1274691784766033920
1222264214489894915
1224161828734828544
1223179648034639872
1274700165316661248
1224482882011521024
1223830610294104069
1223742262791884800
1222897752918544386
1234972177625055232
1234897484247375872
1237354417348915201
1224694480110063616
1224733309898383360
1222633423937818624
1234154855931011073
1275587549843656704
1275593429997805574
1254149019745558529
1235186018963292160
1224763866661322753
1240620655990706177
1272293706595536896
1224720693029474304
1224761815764275200
1242813597786550274
1224463044316626945
1253629327641661440
1255835678446944257
1224292625521479681
1223672593141633024
1236148236282404864
1224490148861218816
1222209981102997504
1222630037330857984
1269553974010687488
1224259932461129728
1224753478620405762
1270221366709673994
1239515914137153537
1270225044384309248
1237424202472476672
1234150566416330753
1223417023570403328
1221175836461629443
1272102797610291202
1235263991292858369
1237755367737737224
1234925581621506049
1223950002680000512
1224838086586036225
1224833609607077890
1272159666194255873
1224291451900780545
1250385130184675328
1234922768375791616
1223845498513063938
1223449544421249024
1223922686184656897
1255835646616272898
1223900407644082176
1224510439448629248
1224835538953306112
1247918967693479936
1236154390353973249
1236437387812749312
1251730675524403202
1254149144807006213
1223423683772977154
1222203494079311872
1222002420504354816
1224059259312398342
1247521892568723460
1234970275197833216
1224019796313899010
1243652078268022784
1223852778491187200
1224328391136022528
1221122715530276864
1272152322865614849
1224794015733698561
1238823694585040896
1223879609793597442
1237434834726932485
1223724717103898631
1276022925372481536
1234797352726286337
1270225397456580608
1234151673804861440
1253467315175374853
1234209794497466369
1238742346415722498
1223979788290924546
1272287689933553667
1222639279970623489
1255652246064259072
1222206176844111873
1236706042236612608
1239414202701406208
1253004880320630786
1234925633932627968
1224467064095526912
1242396738486333440
1222269850019561473
1224831681846181890
1235626767722770432
1223715487898652678
1275533619226980354
1224807309496520704
1223958425047977984
1235183793033469954
1236788275114840065
1272152710255644673
1236742009026760704
1234208065978863618
1222215114671169536
1223407014610644995
1222904483618816007
1236741358754213888
1221122999333609472
1255951286186455041
1224144492829315078
1255166531601788929
1223702110904160256
1235266131956502528
1237697310701826049
1224801683840077826
1224367520389435393
1234153639608037378
1223862349401972737
1224583963471220737
1255104666234425347
1224010849045680128
1238823355249307651
1222211701845778432
1223793271849263105
1269024096932835328
1242562060589903872
1240547704649863169
1222182917423738880
1255835888447369216
1222646760272809985
1276020861334683648
1224578030909186048
1223660319375003648
1223791742354448386
1223715372467019777
1235268394397487104
1223871710249701377
1272254014797815814
1224926220091035648
1242538862322171904
1244960951901646848
1224827622191820800
1224735535207309318
1224579022304182272
1244830479251013632
1253634713127968769
1237355214358949888
1223553685696827392
1243941294885556224
1222634629846327296
1223966397237166081
1224446459438698496
1244257545583239169
1237617426088562688
1224365687692460038
1244961366437486601
1224524537980579841
1223431479025336325
1276019552053125120
1234972275893362689
1223412135679668227
1238835290904637440
1272105806599766017
1234149466271174656
1240158972302127105
1220923978736259072
1255852635833413635
1224829069117792256
1275591966256959491
1234017787305189376
1222204888362496008
1270227273820626950
1244830839839416320
1254149010299863040
1235071794530250753
1234645434787942400
1224405404362399744
1247522123788124162
1254103821694963712
1254104819368955904
1223619793988857856
1272546151372328960
1223713995644788736
1239010081083199488
1220923314929119232
1274433365316419585
1274697615175610368
1224464526168526849
1224709870601019395
1220919336216326144
1224357488214061056
1268010292862214144
1223601060289400839
1223741791024959488
1223418029305929733
1223810057504096256
1224605900129914880
1255657558884442116
1247453747544035329
1224418719427891200
1237435485015982081
1221117541348794369
1236147847034216448
1239510214149197824
1242946347122274309
1222270602163019776
1274435343048216576
1255840686726959104
1243645911240192010
1243174605629444099
1234927066543534082
1224326767768489985
1224019604835643395
1236746828122656776
1224554963420033027
1223426535299977216
1254939301466562562
1223823364554276865
1235626198455275522
1273778566988251136
1255372032352583683
1241709497359298561
1223836872855543808
1221993098147848193
1237616759194054657
1224676968446091269
1224011253548568577
1223995086897393667
1224346308498067462
1251731008325640192
1223243103781474305
1223405913219969026
1237697917843988480
1224775405200138241
1223543206215921664
1274701502796271616
1224733493629870080
1236310733236899840
1224227079438336001
1221998706041524224
1222208223626678272
1224149513558003713
1223861208501100550
1222002933216071680
1239751852205281284
1223242967860662273
1224240845886345216
1223397231845355520
1224236933834035205
1234071862260457473
1275586538454179840
1223836774742609921
1224533081782132736
1251730844114280449
1223434033587089409
1223703765867466763
1237020692924809216
1241788107260940290
1237424193840377856
1241139629648015361
1224036773942169608
1224661878036557825
1253230555635879936
1234078607288475654
1224735214850625537
1224674279960215555
1224916328969957377
1273768715239251969
1255366899082371073
1222206860918509569
1224506080295735296
1222636724230197253
1223880302331756544
1234973913911660544
1224089758839734272
1224118476685684736
1272105054829453312
1223890588279373824
1234897602593751040
1223657370263474176
1222274537359802370
1222273795752284162
1234924847433736202
1223771521157459968
1268010201153667074
1253106344577716231
1224146158244646912
1243169736000765958
1268987078156713985
1243462666322132993
1255852397269643265
1224464676517564417
1274433382433222656
1224317852729200640
1273770628533944321
1272546075845578756
1235638129102635008
1224510822422056960
1275594004986380288
1223432466423263232
1222004960876851200
1222275159417073669
1244252596208054272
1223869574120136705
1223193308815478785
1223986925456916480
1245289176611713024
1234922155453943808
1223630702425493505
1247521918317715457
1223234365406294017
1223995297711448067
1223553865653669888
1234012336664535041
1223628818256203777
1244962176277696519
1234078410311426048
1269550685420429313
1235267336887771140
1223630411797946368
1275533423638167553
1234209261082808320
1239510864442429441
1276017518021410816
1234211344498528261
1239516061327691778
1241708968814063618
1234209428926271489
1272288210517966848
1223724769998229504
1272161000259805184
1251635825697308673
1224781180026925056
1238017935349817349
1224336391175319553
1224255363895021568
1236315481428066306
1234969366166298625
1234154393156628482
1274693229343051776
1234085251284115456
1224441327472934912
1224257508589461504
1235187073805676544
1223720909657268226
1224694754513784839
1241135117042515968
1250384077544402944
1273691683629211648
1274690551225425920
1221126338746167298
1222263445787238400
1222003465620201472
1223565664884903936
1253241511225044992
1223778399849787393
1236143551303553025
1236746734971256832
1255372052212649985
1238794129297100802
1224865230485970944
1237423203942838275
1223428590844309504
1222216868649410560
1246398142846849024
1223061525918666752
1242946481658740738
1222639340251013120
1224315825164902406
1236875496119468033
1255371633830899712
1224010765977473026
1224586102234931202
1223817968301281283
1224470635260317698
1222216590088790016
1222267875752390659
1243164094871613440
1234970627871608832
1238822687998279681
1223754168671723520
1236432414060281856
1223239119024902145
1224406690105380867
1255847523048177664
1222216160856248320
1255835687087030272
1222640005560008706
1224861281749876736
1235632035210891269
1221998403359404033
1234211721687990275
1223974083496267776
1247787303121981445
1255717694558449664
1223698206439047168
1223398432452304898
1224789014575644672
1224076806640357378
1224507596788457472
1223234299325034497
1272550153430487042
1276019924864061440
1224528818549018624
1237616751317110784
1269023128665100288
1224147404913594369
1224913177479143424
1224607829220302848
1224315058722942976
1274432790998724608
1223397061544022016
1235077510804779008
1223871150058422272
1234926774276050945
1224019350539161602
1243656707164774402
1269022844563980288
1223957895076646912
1224348608947900418
1241146831733698560
1224076230359572480
1238783169303703552
1273690882542370820
1247459363821944834
1272552216319016960
1224302825712340992
1272292118493569034
1224316282650157057
1244253145288421377
1222137793679446016
1236310216242860032
1221119653063217153
1275588938686623744
1272101794995462144
1224051526257315840
1234071804395872256
1223192951741915136
1268987745562693632
1223871905884598272
1234924773282435073
1223973298901381121
1223063240801783808
1221164996941344769
1237755196341661696
1224204656693391362
1223657959768629248
1238742887380054017
1234973232416976896
1222210392417624070
1224803097467346944
1224160487765528576
1239748567943823360
1223861468933681152
1222265882086260736
1224503281776562178
1235351076674691073
1238013493896450049
1236788615646261248
1220928153427668992
1242561947062554624
1255835434938236930
1242561394014179328
1221171527237939200
1275222299541753857
1222217642926198784
1234971737193762816
1223890927241973760
1273772473817931778
1223852013026365441
1243807526388457472
1234896502717214721
1224692122214789122
1234071860700205056
1243651695063650304
1236705996011159555
1223421296374992896
1224327043590107137
1251725855858012161
1240548027636555776
1275592546341789702
1223592598104731648
1255132977828257794
1275588917291479040
1223659504660811781
1244722110750171136
1224868600407719937
1224792559928504320
1224277137504423936
1224832507243384832
1240166610020831232
1224375814311104512
1223879843982512129
1235267439975333888
1234898305890574336
1223415413134036993
1224089543332286473
1255657463719870464
1224761046398918656
1222277405567483915
1224891975528136704
1274690035875549187
1240158825581121536
1224147187426381824
1270223950643998721
1254148720863649793
1222212380140146688
1270343501159583745
1224376140506157057
1222654283130327041
1221128529313763330
1223416101700358144
1255951638268981249
1221122941867286528
1236788736475758593
1235185738951659520
1223234026376441856
1224129193803440128
1224828115786006534
1223845807146749952
1254943851690758148
1249046333257912328
1222898991240581121
1221120147404001281
1224829036762890241
1238766115708219393
1224809637607723008
1234900871961509891
1238718488979681280
1223407491515584514
1224378700734615555
1223771634638770176
1234084447391297538
1221175055989821442
1272549157887148033
1224445770616598528
1224325931659157504
1224408713978499072
1222370274726699008
1222273421431709696
1270225283157839872
1224239312067276800
1223722851565555718
1222325156984606720
1236148360022642688
1223987529734598656
1250903722395348994
1235266385409908736
1234971811357442048
1243168795620864000
1223950224076550145
1224548840100917248
1223788763144261632
1223823463682662400
1253467180936691713
1223682710939623425
1223570117151182848
1242122208631283712
1224924070577344512
1224581880894447616
1234079478453850112
1274414697169555456
1223238669898633216
1224088287222079488
1237423641157132288
1224634801870770184
1223736606462529541
1224442116325040130
1254104756605386752
1223801884965855233
1255657089453764610
1224707943297355781
1224464854569881600
1224118962872557572
1224723052962906113
1224440034008256512
1224723581776662528
1222369747662262272
1223427161459167232
1234211242765684736
1224347609793531904
1236432069498044416
1221161496832544772
1235267602013761539
1221739139110002688
1224832741889298432
1223408389310570497
1244886858825453568
1224302342079533056
1224118061944524801
1224939341337767937
1224737480299229184
1239413703037947904
1222630764061179904
1238012323551268866
1235263903598182400
1224859526794530816
1224387368905592835
1224326698914787328
1223772675765653511
1234971075580063744
1250401664734875648
1237016005001588738
1235077394655928320
1224466766203686912
1223558223141228544
1224611540428476417
1224448730251718658
1224753668643119104
1224470208741548034
1223966328006070272
1223193787570110464
1223973454497505281
1223949055165747201
1224420694777384960
1222903340356399106
1253472122204192768
1236143515576545282
1224917052349128705
1237348683840176131
1224314373654634496
1273775490705362946
1240159182097088513
1222636713086017537
1224085865602920451
