1255539980610555906
1235249562136309761
1259871554822955008
1264183579652825088
1264141525815930880
1262095542110339073
1239909939210063874
1222531805095424001
1247188892714807296
1252318623273824256
1251618976913936387
1247785695977955330
1220692264982155264
1253896518735519745
1251675306450173952
1236479419155439617
1248719829567254529
1259785723789500418
1258184771835957254
1249698856435994625
1260624445154242560
1262443282728210432
1254244316425437187
1253722874923253760
1247553821057966080
1258055996326412290
1246382770647162887
1239737100544573441
1243171358604816384
1257675128466558987
1251609446058426372
1234980714937868290
1253836125824847872
1250542666154045442
1239636377660203011
1258849284956569603
1236856012876812289
1261089435019591681
1254466134838882304
1263129930172416002
1234766681076977664
1258509443022508032
1238177719709507590
1241603033403981824
1243025635158577152
1259211095635566595
1228342673481691137
1239378351468335104
1262326255543820288
1257758715131953152
1251590451972288512
1244390056011476993
1235626402256482306
1260664858032443399
1260711744642494465
1236772480905285635
1242796211360260096
1253648080999759874
1251573712580751361
1233135940178259969
1235263631954235392
1242617273095008259
1232755982259847169
1241501002282524677
1220598441644118016
1239981190347665410
1256403088266670080
1234893884129468418
1253680123888504832
1260599015932071936
1245406072434720770
1250643599294857216
1238512009198669825
1257647094732644353
1264655292618493959
1258554206182498304
1237201414083862528
1245742788576268288
1249239197346484225
1251586295232593931
1243577283924955136
1258029943616831488
1261891701188071429
1234405127718502401
1265668081616949250
1256330498533543936
1253615972059152384
1253745526144593925
1262788116231798785
1238935702475341824
1238490981382737920
1235637924529451008
1261363217344770048
1220599721862918144
1260261711703146501
1258742866949533696
1251630767534411776
1246112276974833666
1240346904673890316
1234201238280994817
1234158363300319232
1238584696663146496
1222227254723383296
1255615613923450882
1246555136832438272
1260316320756793347
1252278960278376452
1245267283234021376
1235267873364422656
1245752622977552385
1246178974994239494
1220664980367765505
1241419003848986627
1263594167495561217
1249958905720926208
1265406544277094408
1258056669210214400
1221005048869785600
1223197974408220672
1257852842603237377
1221657267658948608
1260551411013685251
1253472289242390530
1256306305976786945
1263850151849816064
1256282438029934593
1240731118841839617
1222090373805281280
1259195736111165446
1221098183452958721
1234889780908838912
1258399287819542535
1258184258977292288
1234889993451118600
1236041370210570246
1242598435116724226
1241755596535164930
1221458626356895748
1242962231727448064
1242969525190103044
1247969404295491586
1233134711649624064
1223022544925741057
1260582439203868677
1244089798438027266
1260440882630795267
1263447116820742145
1245320009733324801
1257703804113313796
1263984592920420352
1235650582888800256
1239915642364366851
1252655864915378179
1256297683175776256
1244052457992392705
1254888078461874180
1256019081381232646
1263072387467055107
1252425081361326084
1234891488523440141
1253790827798765580
1261695686623592448
1257290823470739457
1246077483688001542
1237073610818404353
1255578217139896323
1248006454612721666
1264365798828789760
1260927198678126595
1241618531294175233
1258779049469579267
1233917210684354560
1253643294799589376
1250108128730939393
1240744181842227203
1243573813205499905
1265390184901869570
1235638297898225664
1252892562404376578
1264748374999347200
1254077752916967428
1220594853236629504
1248395659058667522
1255499029796007939
1240654261656010755
1250393433224679424
1221259345574285314
1255522700208078848
1247596076951011331
1247226618457833482
1264270146350260227
1253902088700137472
1238033234358910979
1236313161990582272
1256246464113762304
1256758441919553537
1239941370321788933
1243220608500084745
1239894396406882304
1263853909682126848
1243409917467213825
1221606834987053056
1240355378279448581
1265382270191439873
1251074909456883712
1264922669746515970
1236468551336128512
1259307495841038336
1250834113080233984
1259075712721567745
1260156231043493888
1242285815767748610
1263557796957741056
1240951011809857537
1240669368603860992
1243206356024340482
1253639456130764801
1223055513480519681
1229879341816958976
1241686441538748419
1260554108324515840
1237476042228588545
1257430832421183488
1260442836077510656
1220420953336926208
1259941598487556096
1237228978752102400
1254793621447995392
1250448538024267777
1222419037298147328
1254725024914771978
1248453148244504577
1241606212577181696
1255225271889903617
1262495134417117187
1262508028420673537
1258135446875332608
1222255157787926529
1264805523754496000
1244665695432032256
1263166894133084160
1260571342782574598
1245865188550537217
1244921647125000193
1265235013219618816
1251760073140875266
1244562638945861634
1241368094544728066
1262408885064871937
1265139912560410624
1265775265784963073
1247167105557905408
1261672880057847809
1255526863390363648
1263200824118980609
1264879639203201032
1254332453503803392
1261423652786114560
1248011487500795910
1263782529569562625
1261479370956382208
1256609492139159552
1222534308625362944
1247264099861434369
1247688649468190722
1240314219653935105
1253468862349180931
1263430377416404992
1241888884784615425
1256621977822875650
1265676348976177153
1263488469575380993
1243715840882737152
1237828009962414080
1253345387693215744
1235248739096432650
1250878451042549761
1260147709002027008
1237819889013927939
1245407475739889669
1243846835602518017
1240311977517383681
1238078722453975040
1253330327482675207
1258298021596426240
1222990373120811013
1240353809454346241
1222190051699961856
1263121701514043392
1253790265023836161
1258942274391719937
1260615068854693899
1264943375557353472
1235277767421440001
1242889521898885126
1260639130461122561
1255214215184424962
1264926699898077185
1259797389008748545
1247689550471868416
1235727080249319431
1265268139551588354
1254839227814207488
1265319283090915340
1260238964071575555
1255208278558113793
1265540119714504704
1262171132377128961
1235928451116384256
1240731490817847304
1250431330073997312
1245406245479202820
1249135952079007745
1220430134307704835
1249776169014222848
1235636600853405698
1245786156932960257
1221111829071572992
1242297262144978949
1253369649263194113
1259248977138024454
1244692111926210560
1260970758328725507
1257631548137967617
1257622795024039940
1264945429411696641
1259334856389033987
1245419657990987776
1223307643340517376
1264431689654128640
1243651508874489858
1263839273515712513
1242713192318394368
1258149811477512198
1253147419736449024
1244390050164506626
1251736884545454080
1258089701682163712
1241778559678472197
1258573771914579969
1258082176152875008
1262395281523593217
1252671217108221953
1265662902230491137
1241070718772752385
1256479787394031616
1243870954867937281
1255528216565080072
1265092561347260417
1247838923944005632
1234886653178761218
1262586280237555712
1256506765048311808
1250113719595610115
1260629551195045890
1257052444011515904
1265457689401974793
1237826025112862725
1262062636155494402
1245411609847238656
1250779643616976897
1252988971950510080
1265720210805395461
1257369710804508672
1220821180145381376
1251159249566093322
1237800057585299456
1255244077202898952
1234897474248204288
1263570266229178371
1240017118445342724
1252957196352212993
1254919515009437696
1222998106867765249
1254793096736280576
1220941284896014336
1256284393708097536
1248959850966478849
1263630644824997890
1220385541461553164
1237388575861170184
1262442628081221640
1254359685060349954
1241759304920817668
1254259972092895232
1260551245309321220
1239546966176079874
1221533317150932993
1247432822798737408
1265651475268562945
1238498147405631495
1252117004217008129
1258714867319615488
1222993994747142145
1264087813039030274
1237207076281122817
1237172242351558658
1250564029606748162
1255086145878347776
1262518525576515585
1230529457326186496
1265251336771125251
1235253349093715972
1257357666541862916
1264717820723527680
1239582223810072576
1242872963923423240
1245205799082721282
1242843712499191815
1260652114985902080
1264277453637287946
1247303020192215040
1247343396626325508
1247912837634093057
1252658460069638150
1241394605578469377
1255240441466884098
1249835855239434241
1261305081586212864
1251176869967380484
1259140416852709376
1236961891567775744
1248003599709265920
1253020747452342279
1246298220617027588
1264614705752047617
1245585233954521091
1238486028027117570
1250934508779720705
1235260307171397634
1241691781059743745
1257415944021966853
1255178036217090048
1238544314440925185
1238757997595299840
1262473414717120514
1260673466883284999
1253556874789568512
1239619070464528385
1235810032911962118
1234147986130604033
1258272702193860608
1251109685069045760
1243847802628661249
1245112185325531136
1263771829904302085
1243221941416230914
1250379267042504705
1221156855017287680
1244844369175146496
1240221595609825280
1265566683546243076
1223114090945449985
1247456581886803968
1223113481286635521
1259105842424512513
1216827256745553921
1245043056459407362
1242153377611632640
1241058531249459202
1256001148080861184
1246482667941625862
1252902897416839168
1243328343233060864
1260810259192401921
1215438789234946050
1247167581254893577
1248341911611609088
1265783618854703109
1247988802460753923
1264284002132860929
1234956783715790850
1247223612219817984
1260645997786525697
1220995071853694976
1252252393770795008
1238489073456689153
1239629747275141120
1256289786995900417
1245969282472837120
1228123003965362176
1265372131799556097
1262684566587932672
1258029715035652103
1221153710124032000
1244726787340460033
1241850536120516608
1257976330290954240
1255113193313222656
1220934534901850112
1259647083054878721
1250530108097601538
1251208684102918144
1262367332086808576
1220683258460962816
1256991956758126598
1232755971023409156
1263856877416439808
1222252412058132480
1246482672970498049
1257307616742498305
1241953446460182529
1220872708721954816
1248547699319865344
1255902975664558085
1243137510324101121
1265696773705777154
1249128864409890816
1230960383411834886
1254788671628120066
1248599190403461123
1260857535013228547
1236852003990417411
1233887490576175104
1244753771571351552
1245661362161762309
1242798746473242624
1222342452440420352
1249714706857615363
1234890930966204418
1237206284086259713
1241346395329761281
1252567764574732288
1254793751043719169
1257356372003479553
1265229890850152448
1249759256318017542
1256707541385588736
1251692490802921476
1246489116121780225
1247919281985196034
1237688218151276544
1228342427494170624
1237240085302489089
1249449714539302912
1248301533017575428
1241770507944570882
1239978969253982219
1263564930873061376
1235223212721610760
1253144057494159361
1244792973969240066
1244738651365552132
1238907467691515914
1235691170648514563
1250355705636249600
1220645394511613952
1253947389616041984
1220380867987722242
1265405011011526657
1222864645888729088
1259052996081537025
1220646239630315520
1248756346012332032
1259793581167919106
1241835315897282561
1262427737446375428
1240890721562853376
1242900338622869504
1247222576352571398
1234546142513225728
1246158025427222529
1246087369066979329
1261314996664926209
1251616665638449153
1248006190128226304
1243823196320620544
1241175198210166784
1255235373002829824
1248865902541582336
1220673517089435649
1248700182033829893
1258867291246276609
1261984584914403328
1250488654558121984
1247563875526025217
1243579588040634369
1260599026543665155
1245033579006119937
1246165931740606465
1234994235524280321
1247426610556555264
1250476567156985857
1253084917589659649
1260567614448979969
1248580666628816896
1248000255184035840
1229804372294619147
1249372179235512320
1262882053521051650
1252979980662956034
1240228547534426112
1221734413568004096
1264703978660605952
1256488360803217408
1235253545064001536
1260155938297860101
1257720947412471808
1251187414560845826
1243560912377663489
1221881312170012673
1255210179181805571
1248009177240178689
1251573532041121794
1257344895196573697
1238950090041184262
1264772098586742785
1246208930503512064
1243245529410277376
1238485759419494401
1247646581047939072
1247366660371161088
1260145210203537410
1241794067027165186
1237067569288314881
1238430653093273602
1234149721213677571
1262737245095763968
1258496345993863170
1264154421979742210
1237235718700666880
1244481810735575041
1255431053327687681
1260598712004481029
1263930189735776259
1245040366308470786
1235632232074747904
1259800659991252992
1232415244938383360
1242772425219047424
1252915048604815360
1262825671044280323
1238456143036506112
1241545130013872128
1259873651207417856
1229840853029523457
1256543119673180160
1227736317678772224
1240679393573376000
1237330980735721473
1235612492107259905
1235250413366063104
1255208693907456001
1265375700154007559
1263714691530067968
1234839492739112962
1241794071544225792
1251001985127440387
1234856058482499595
1265640876224794625
1261782160308125696
1243667665698328576
1255720582391316481
1242217444577398784
1260989251371651074
1259691314821468161
1255027975919206401
1241049695448948736
1245863647592603658
1246972139581984769
1241412213505695744
1241736145567911938
1246031570013650945
1222466575006978048
1254407667520548865
1235501961581080579
1258465048718184448
1256327611447341056
1223270645129207809
1245084259947286529
1258057182538543113
1239601452840112130
1250964947636371456
1238519097832456192
1243993262475497473
1262238992990339072
1254481121187938306
1248284644782551047
1257345249170644996
1253052715393003521
1253764960078921729
1252620611840401408
1260565198882177025
1237786639105171459
1234155792749735936
1249720521790455815
1251249086365302795
1235518813682221057
1262408485146202112
1234569361119227905
1244962299615629313
1254062613207498752
1240538590200946691
1234869667111542784
1263460813693546496
1245514644032229376
1265598350163935234
1253383654606278657
1222348747020988416
1238641967871021056
1256267491627720710
1263223484811038725
1255623592068427781
1223194485854740480
1232381003446079488
1231172028171833345
1236782341013594112
1263851643008962562
1265646936213905413
1260383447702355968
1260580205825085447
1242915042049351682
1247225398099877890
1237825718966345728
1241611719740293122
1241376016595107840
1244573468542337025
1233159728013959168
1236068628384174080
1239737100544573441
1255261712011444224
1238497485976469505
1221857544156696576
1259869876589600770
1245712590715539456
1245414410513940480
1254757194475737091
1246270378109890561
1265315538844123143
1259152477712195584
1262918470066413570
1232941942046154752
1265285338148343811
1235720442939236352
1240715346325143554
1248951179393904640
1253602059762483200
1257937948424757248
1260605192548081666
1259793386715983872
1252654885155332097
1239917383730544641
1253097689194979328
1243997724787314688
1222770599216414720
1235234625846472704
1261301363394387970
1241016699652104192
1222991649330081793
1255583398426554369
1222696041142611968
1260307468221140995
1241945178367123456
1220674249599242241
1262898390951747585
1255633470891724800
1247694153611427842
1222346403482980352
1240062910224728064
1248340852021346310
1237047373672611842
1263477717506445316
1259136809063395329
1239990660523913216
1252913299676712960
1263031925717041152
1263129368194428930
1252908201525346305
1221700998038794240
1242930507815571460
1238496787041845249
1247607771685687301
1256194977576738816
1252564005350182917
1250529988966825986
1244702944571916289
1240026369179951106
1249298719716995072
1240687010920054784
1245419208432922624
1251917223389802504
1243625872281780227
1254175885361545220
1250348272754946052
1234299645465153537
1262346518050242560
1262810947690749953
1260982584076632064
1255894304754630656
1260484774822653953
1222601785837223939
1241234481186406400
1265284227777662978
1220921204468539392
1254245342008291334
1257279046645399553
1242865365543202817
1242149376920870913
1241732289102589953
1233881029368147970
1221255815597674497
1252990195021955073
1247395259547447297
1235233060284661760
1261053683262984192
1259476282288603136
1250123800231976963
1251225668559536128
1242767816916226048
1251314603667140608
1222543575466029058
1260877785893142530
1257422867383418887
1245871145766621189
1260222772787044352
1261350696915525632
1256923965093818368
1223079848396181504
1258538822041694208
1248608869938384896
1247234935011893249
1256614427060654080
1241424964106018818
1244308501033357313
1255595208491675650
1252573848324714496
1249668659930226688
1251737287886503936
1221534980980871168
1256366758992187392
1240262961312206848
1247665822006489092
1223370760259022850
1243548987489214464
1265719422322380812
1250451650013208579
1238583046951120896
1230375781404233728
1240027432154996736
1235233146574114819
1249858424617271298
1248983085775011841
1250910372858650624
1250447036345917440
1236956248337256450
1243708146897518595
1258118455305306113
1260570496992763909
1221876557100331009
1242234348885049344
1241192611093925890
1264647357980950530
1248163387747557376
1245072516885987328
1241834043068555266
1248891040687407104
1253264863134191616
1245490214635790341
1256267141214543876
1223032922829197312
1250463322895462400
1257820413083545600
1256955926126497792
1238492277615411201
1262341687931797504
1251698355627012096
1221253522789814273
1263671217552154625
1263855893478641664
1242829142086877184
1248280580527214592
1242644674617266178
1254933509619109888
1263224452730535944
1220713000061063170
1263779134804803585
1234094584583475200
1255633454890450944
1244440987327397890
1258843652882935811
1256486082192920576
1222755854652342272
1254523172424241155
1257013822289784833
1220921527698198529
1247332914884378626
1238592716893716483
1240267653555589120
1265616633378361346
1253337408138952704
1246223707380445184
1261438712946126848
1251480597668732928
1240442500575383557
1258411270828634114
1247291821132115969
1222995008430559232
1242873773361070081
1253836117624807424
1239812576655167489
1246425836846067713
1251451494706053123
1244652871200706560
1238636915030720512
1223024379149324288
1264954960812412928
1221334387771371520
1252922601493524481
1257369401025855490
1257355913117261826
1257178948410064896
1251308501000794112
1255625094141022209
1249653557902491649
1241185520006451201
1221860104984825856
1241773470607958017
1238491451010547712
1248229657557663746
1265039996886618112
1262167011142127616
1235632731335376896
1247587917649903616
1262428007412699136
1242043653373210629
1234349854048112640
1253738725969989637
1260715233452208130
1243274658624888835
1254885256232161281
1258869042594619393
1255556974634205185
1238924618683031552
1245417879677239296
1221661641504444416
1249663662081613826
1234189700266516480
1247506402286993409
1248399091358302210
1254492977814175745
1253347519553290241
1238196531578032128
1241686361805066245
1247249152100257793
1265413669963419648
1253415854777065474
1237466085881974784
1243568344596393988
1252937452668563456
1234886539655643136
1239976033601884162
1243263101593583620
1252956822601740289
1221667731914706944
1257214690331164672
1221463309716639745
1260625558960066568
1235252527022690304
1260199883379740673
1254210843157430272
1244330995551293441
1242585079190302724
1235656044493209600
1259891023091765256
1261316190829342721
1265089523773571072
1236058564415741952
1237782585121497088
1242150367342673920
1238753222774460417
1261366476235313156
1257090772215660546
1248416673402519553
1236356942982979584
1260654090930933760
1255066867007447040
1240320811829014533
1228670978164690944
1248595670610718720
1237066810534563841
1246900370980384770
1257430532310413313
1239992445808541696
1228177450888122369
1259875921055543303
1240397568661585920
1257054184219779073
1235239737608343553
1246133569057144839
1235230787517190148
1261643947824291842
1245614443242741761
1262367943666458624
1253408364945526784
1243896976887840769
1238894276387487744
1245859544351178753
1235257897438908416
1245014238206152706
1253466179844202498
1234886745369567233
1237973257531224064
1235417505998520321
1260317318074249216
1235246653210333185
1255216540993142785
1260646810021842946
1261632347117514752
1257461267209564163
1242866051479523328
1220631976563986432
1263128248663379970
1258057319532892160
1250372813308841985
1250952864471683074
1257321266953940992
1257399601201664003
1243573150673178624
1255119763518431233
1221776822578352128
1236198189453070336
1255489179959660545
1260567616999116800
1253012887947395074
1237136944678699008
1247381109576523776
1245825840291745798
1244036545583017984
1240062742918098945
1223117389052567559
1235225357806116867
1263197807894200323
1255532580465754115
1264920878376259586
1260651517838716934
1255474420287758338
1223256319190237186
1220204933267382272
1245010873329930240
1243679921551167489
1249383223114846209
1264243469637337089
1258453631642132481
1264506446953185282
1260199929571672065
1240004946935926787
1235656052068282375
1238494370023735298
1254976750838308866
1234897009884180480
1255528999398313984
1247637782480240641
1245650040833499138
1242872238824620037
1234886811350159362
1222403562778644480
1265417725318438914
1263499793885573121
1223370502867226628
1220673675562635264
1241617806283747329
1223188955539103744
1243635151961284608
1223259675573080064
1256351704511066117
1259645654579777545
1265637246562193408
1256066604019974144
1250833595821940738
1253071764378320898
1255488800358309893
1241613077180592129
1249576609553809409
1260597932983824390
1241833845697187841
1248164925299720192
1251911703211712513
1234844296152584193
1264948339499503616
1258418874242019328
1241799477750632448
1260551653230600192
1221351196968902656
1242095406466637824
1235254662141546497
1249389358790180866
1247911323356336134
1220085839566450690
1251725810156875776
1243327016071544832
1240661808844857345
1251691989332000770
1263554788991606795
1233916888100589568
1255882102819577858
1263196345537630214
1245405730422882304
1235254243055013888
1260322099899465729
1244264958587740166
1249026929077829635
1261680308362960901
1265644429630746624
1238125162320539651
1255248537828364289
1238145703563661314
1242152904577945601
1261366487413067776
1222607648622706693
1240383065236606977
1250516831573626881
1235645138833154049
1238495731138387970
1242919191642021896
1252681065552101377
1253134311248859137
1249228325693927424
1229854237686763521
1237320032809451520
1232416812140130304
1259717411449774085
1233858198768996352
1263782538683670528
1220381357169311745
1246165576961179648
1235277563880255492
1262248046051672064
1242790837844463618
1255444213669519366
1234184343209332736
1251195517809418240
1252628161805914114
1258489777814413313
1235936277750525953
1257989233702252544
1254796159673139206
1255114630961270784
1255881132924526592
1255169467434164226
1259870668633628672
1246346770281529344
1234832054279458817
1253026327734730760
1254199699101282304
1261194632748244992
1257747701434810372
1220438922733531138
1240019096219144193
1254973811109355520
1260585362226905088
1252375231156477956
1242515071982542848
1243976238726885376
1262042486794588161
1248356271365017602
1265097581664894977
1238470201387233282
1246645342759563266
1243266480990543873
1240114457658961921
1246467843807477763
1258409946007339008
1235974428309282816
1242123569146089472
1255230332032421890
1230960604883693568
1263530178992582658
1241510398546726912
1247435461552898048
1239556179686068224
1235266406251466754
1235293946626134016
1257812322543898633
1242445736702287873
1265043717267714050
1249521314781491201
1234160593055121413
1241927348053630976
1257361936443944960
1263127859289153537
1235726182517067778
1222856246463778818
1237234520706838528
1256372834479165440
1251655086629101569
1254798833781035011
1234889509537488900
1241799435828387842
1255882100928102400
1252957915117432832
1239946969075736576
1253378891202334727
1256936261484412929
1265662904784818176
1239581865620709376
1255670712708276226
1249718674786865154
1242134409056305156
1220625897469988864
1238880343266074629
1241049866005917696
1242871785424433152
1255902305259421696
1221056929327243264
1265221136314322944
1221693552515678209
1259800597638897664
1259899780442075142
1251246899530739713
1263895180580581378
1250503873497874432
1237408582964072449
1260598294872559617
1221527743394803712
1243190996952698881
1232800077904670720
1248291835178516480
1264949957297082369
1261808652991623169
1244688259969617920
1248264355839217664
1223078873669103616
1255431169686069248
1245674880353345536
1240696615830052864
1251596542529527809
1265700097163235329
1237790718825021440
1260662550016012291
1262971975573671936
1258761069436252165
1240093117300310017
1248635140248670209
1252992252697358338
1245026712087400453
1222256559092379649
1248291219517702146
1248635353466056705
1249217074762678278
1252231377128509441
1255538604132179970
1262461965739458562
1250794475338838016
1241804404854005760
1247573315733995520
1250569119394680834
1264133972663037956
1259803911961014272
1247524542433521665
1260689978176286723
1220878840328671232
1234629193608179712
1221692923307163649
1264526562797420550
1232666835654451200
1263441441558331392
1255340256200712194
1258701338898075648
1246467998602244096
1251573766607581185
1259977681938141187
1241192812961562627
1258558524575137801
1241222091950587904
1255550002723782663
1248035220412129280
1234888847395184640
1251579625970548740
1263352646292963340
1251918985446203392
1222896206432440321
1252196393139093506
1250498112348729349
1265689906598330369
1222757447024238592
1241049346713489413
1221484212076916737
1220592850837983232
1263788613025882113
1249506256118784001
1221870685276065793
1256246843337515008
1259176304353726465
1221329933357633536
1223115811113463808
1261635131342761990
1257837655754186754
1255385382734233607
1248271954227814402
1241958882219421696
1259237219312775168
1222422658408570880
1244191484800311302
1261704743350611974
1221154865042403329
1238623617266724865
1246821481889267712
1222657148775227392
1256569130678878208
1265047300537286658
1262065573959270408
1247507010133819394
1246573260554166275
1231352923914985473
1251573179572719616
1261254511391322112
1263175453004697601
1251853930084081668
1241418572058054659
1246249849051181056
1238166922346323969
1245871141358432256
1238492230853300225
1255814157036711937
1248309205355892736
1241055333096869888
1250891717475098625
1257757116682690563
1253660229797117953
1247596969826095106
1253701119894851584
1244439850658549761
1235233394092576768
1220876390225956864
1260567250496520196
1253078158158573568
1251625219975938048
1239902091197517826
1260626496915464200
1239567167043051521
1258036827568721921
1239677586860650497
1260580423710707712
1245008824689278978
1241643276123271171
1243569123818381312
1238894434131025921
1249820639877160960
1245551904316256257
1244429405172178945
1221329042961395712
1243667111664218112
1246913007126556672
1251573284338110464
1259873971715145729
1247626954033041411
1230508162169655296
1246597583272722433
1237172884533059586
1260668585183240209
1242740771599446017
1257269702239240193
1255987851440861190
1257286355765342210
1265761712298483712
1237762454777745408
1260717332340649985
1245886772250198016
1222741372400214016
1247151160324128773
1258395990178086914
1245703451188871168
1221956099336699904
1221498668739710978
1260423560494972930
1241726505266356226
1257753397765251072
1255895334523416576
1242905389001252865
1251590942118875143
1247743472087388161
1262543250402840576
1235256135965265921
1253254790437498880
1262041670045974528
1263650790050160641
1253500501397663744
1257640686779805696
1262201237505794048
1239786038458904578
1247298038512705537
1253793094841090056
1239478058320568321
1260976938983673857
1223180442284675072
1255972702436954117
1247724939819593730
1247916538180644867
1259862853860933632
1251514690355765248
1261328443465236480
1264229426788814848
1264300068242219008
1264222897842917377
1265241238380277764
1257882782321258504
1263281117605564416
1265449407593320449
1249834752858656768
1237831912128794624
1235223667946278913
1259250544662765568
1220730637021134848
1256103522430603264
1255510718000087041
1265713715334217728
1243516120927100928
1252018564921528320
1240639210937171968
1254785238259007494
1250450073575731203
1221739496577716224
1248215107622047744
1252484716176924672
1240793174437539840
1223048360367742983
1262752838003773440
1222220231638245376
1250150588848812032
1245701297174712321
1263564506816528391
1241051402467782662
1263934417753571328
1248613893980610562
1265668366901141506
1255699660829843459
1240804558328270848
1258751802142388226
1265198978834075649
1260644569059692544
1250197146315288576
1244086612897804288
1220828734724268032
1245422776950939648
1251911807129784320
1255577222641049600
1245142974196928512
1253626737922945026
1246592858544467968
1240027732253315074
1247584202020794370
1258794264508710920
1256312539543146504
1255734898519932928
1263950318167117829
1258623695628783617
1252703657130209282
1256967108132397057
1261323133904175104
1241964984986243073
1263945317269069824
1251135441111302145
1257656298440658946
1240835460689166336
1221676876206206977
1265013518245302273
1260586073006243843
1255612853421248512
1262494786109485059
1248736990574632960
1251086778997420034
1259898823998136320
1263269540626157571
1221184381361979394
1244802175722827777
1260948555570860033
1260589159670059013
1246450346769203200
1261514218190319623
1250067787021602817
1259815518208393216
1256007887433973760
1254168307076411400
1249073740459188228
1255814300402360325
1238203126173351937
1255588648696807424
1236783060848455680
1244247940211920896
1255874996947353602
1257615305595138049
1244429143338598405
1251590384783892481
1222413971854188545
1256668714864345088
1260640387527475200
1245088490917957632
1222990287372529695
1238430753215500289
1234501218153594880
1235230604440064000
1238496957615702016
1250717396073099264
1252426329108013056
1263819067556720642
1250333570171691008
1260143489548824576
1220383622106099712
1245478072029188097
1247188892714807296
1262754617571459072
1241053760392224769
1237061734533398531
1235313905242648578
1246828481780080640
1260101668412067841
1264777336026812417
1257714523496218624
1242107586045976579
1254845770416615424
1262736771982467072
1241052739624488961
1257345767234318338
1261915600122785792
1246520692214042625
1255522799944433664
1235727107948531712
1258446999990353920
1264519010533531648
1245101060995215360
1264603710891732994
1262735076833533952
1220789876746084359
1221865003092975618
1260283603679940609
1262791379652149250
1255831176993857536
1248047890116812800
1247623905809965057
1245209870095302659
1251590179212668928
1263131635316396033
1245099408200515584
1250416188359880704
1245425845352660992
1227669116733001729
1249722218902364164
1228913964735557632
1251109474695360512
1251546777343442944
1247890387575828482
1223316468756074496
1237824198816432131
1254859666791727104
1248696008495837184
1255270777538183171
1240412259932704768
1234828107128852480
1238169599172059136
1223091477196177408
1263794234080940032
1258955507009613824
1221032976634478592
1247935347767549953
1260204994462187520
1245371862617485319
1233905413696847873
1257045522872926209
1220595092534087680
1265405166750248960
1245004137756065792
1250884167006515203
1263129720675328001
1251243857314013191
1262525876442402819
1237038696068722688
1248480093220958209
1245767207092715520
1222094120279257089
1262350247994556417
1261393489251708930
1230533846795456512
1258827328387506179
1222350508280516609
1220620690463870976
1241877466362400768
1260590827925114886
1255942754657583105
1257709141142810630
1244687202975494144
1242118498781986817
1261325876106612740
1240396118435024896
1234189219867705344
1252059307492773889
1244781748983984129
1260963213623070724
1221775254013513728
1260879292994654209
1250182042169626627
1235290250332770304
1263910029054423047
1257301454924034049
1223048834999357440
1246201958286929922
1241212106055151622
1260957679989805058
1241494867907354631
1242935642616672260
1220705980612132866
1261053677667835904
1251919744514613250
1241072522088591363
1265682642537775106
1257703030994038784
1239577418345656320
1241418039465213952
1258055753384026118
1256430549167570944
1245728176736735234
1245774456485707788
1237177284022304768
1246450800504815617
1245910415122579457
1233899541486809090
1265336564219027456
1232390830872285186
1236043254153523201
1235700082277826560
1263033985841668096
1251573221410865153
1248682911655591936
1234714850246451200
1242820441934266369
1262731888398970880
1263238666601758727
1244960192862785536
1251568342680440833
1257311200724971524
1259806442699325440
1222875979468525571
1222895271933165569
1222472536987926528
1262495494376435712
1264171848385822721
1243772305223766016
1264122648163835904
1248598074659868672
1257007282287763457
1258600585185636355
1255585278921752576
1259335118205751296
1237171826196971520
1235226604722413570
1219977845801463808
1237821785795674112
1246980739519983627
1265270698982944768
1262567387896807424
1260697376114774017
1262820706737369094
1239077569091104768
1223240001200087042
1264492992145944576
1221429744308109312
1242873623083388928
1246271314320637965
1246242428195045377
1253773482162356230
1259023116774170624
1240138443440693248
1257756002365120512
1237375036404707329
1222864399372865537
1250584863578771457
1257333247383670785
1257586848198688768
1246471365215105025
1227880049572888576
1253308414891040769
1263439908183715843
1259460711232790529
1251826468344258560
1221086984791150593
1241545069682814979
1220798401094139904
1240109601896435718
1236446913655906304
1247606810959204352
1247147543068368899
1250183549795237888
1234185741065957383
1250950100697792512
1254826651554402306
1251909161123790849
1242794787520077827
1249452240701718528
1262707071604019201
1239186633586507776
1248740495859363846
1263535974006611980
1244274531889328128
1253041798383099910
1253708220532690944
1250878672241737728
1238133408473251841
1246863432592343040
1235268014875930626
1255474217186975744
1249721573298319361
1236023244072894474
1237921211251937282
1236713638905470977
1260157849218371585
1249702671227006977
1244802444405571586
1252757643946610696
1238239800655822849
1221886784830767104
1242233468240539648
1252274075101278208
1242872405946589185
1249727063159955457
1258554710371348481
1250793569918447621
1240615369393475586
1264496433690009600
1235213476475346945
1256974798904688640
1255174859694497792
1260583488991956993
1242514830650720261
1262070849332486144
1254862103719981057
1265470284884332551
1250989863303700481
1262589624607813632
1265256614115848192
1242434340879060993
1251591093298364424
1242212533815164933
1245525479811166213
1261763462918701058
1243223405714903042
1245349000854884352
1265365666112114689
1248642124230332416
1248638952506044416
1242833123576090627
1241064230276624385
1248468248179306498
1235633386984747010
1242874226643816448
1259707798792724482
1258406076766023680
1242562583439323136
1251161745386803200
1241630941329547265
1247992689502629893
1263205427904421889
1260162806491557890
1255191468521721856
1244111448344858627
1238471868102868992
1239153402065682433
1257090778620452866
1256936755137298434
1260611362394234880
1257348649182511107
1265766367791374336
1242702409253576704
1262723824723902464
1252757636967268353
1241607106177966085
1221351401957101568
1261651884911112193
1240087589316591623
1243630963772534784
1255874477092675584
1242172835621228549
1238492336042229760
1249504674128035840
1257755200384839680
1261350695111815168
1244867018458722307
1254219896482922502
1261023058011316224
1241617412254052352
1233000827901616129
1255477425066082304
1248381631125024768
1243599172890177536
1247623955982286849
1255955080035160071
1261743737891422209
1247508215228764161
1250344281492975623
1249633796518899718
1253671667093721088
1265282794831392768
1258048574404743169
1248551295784562689
1251731287645106176
1258282922055888896
1248663662237290498
1241658375676428288
1246062759256690688
1239989258397585408
1255459313851695106
1260656830197325824
1264702674143977480
1257662625766309888
1232697476341227521
1245486099926888448
1248800608758435841
1251731325641506816
1259430551511015426
1243242057348587520
1220669807328186368
1242159431162515461
1250751108659777542
1250009819387494400
1259914031302926337
1250923843138379777
1246203323411091462
1251313141297930240
1265523126999191571
1241732322891902977
1242129446896898049
1261484515081351168
1237172348043833350
1248268216062935040
1258072209328930818
1248246531938869248
1256254617333256192
1263127703432990720
1260634817969831936
1252635709069864962
1252206817297305600
1232389923594022913
1260761767401197569
1260612674863411205
1228756130387628033
1221533392446971904
1259468230055407618
1253008335835557889
1245833923365498883
1247733351525408769
1252728752968261632
1243294891343523840
1258532333734387712
1238134535985881091
1263415462810931200
1263159063552106496
1246498383596007424
1241731743813697536
1251621018965336067
1237045151937298438
1247235927828815874
1257706805364432901
1248113630572212227
1261612360449441793
1245652191509012480
1223049055607164928
1238293433954926593
1252261312379457544
1255059182040072193
1253096243678507009
1250934894819266560
1253929275352395776
1239583937330110464
1250801874372042755
1262806963814985728
1247207719427280897
1243900902119018496
1252681009285521422
1232736874135007233
1244754074211250176
1258431932104347649
1254347604441403392
1256763040026038272
1255524949206450177
1241759518725455873
1251553661022613504
1257410203735126016
1234921887257579523
1255943616536682496
1262390019001667584
1257689557702762496
1260627714500952064
1265674122190901250
1238254271365332992
1244650339686469633
1219875910641487872
1251315704428728321
1248359012908830726
1262366702257541125
1251578481579876353
1250934370145382400
1240341660019470336
1252711252629106694
1247212137275146247
1252567763371032576
1254802487300612097
1241731320419581953
1258412072737607680
1257666369455341568
1245851885413830658
1259179574904131584
1256176656752021505
1265567487212519425
1234886822557310976
1238623749810925571
1235319867324141570
1220636534476439553
1255919073881440256
1264266951884443651
1245759039646175233
1257323742117589006
1232793421649235968
1258448065331167233
1223173200688771072
1251978993181622272
1249079778709254148
1229785789569159169
1260960982794412039
1263522533179117568
1250345402978598913
1265019529358426112
1242968137441710088
1252254464997761027
1249747950257016833
1260627705147645953
1235966881972006912
1252779224026492930
1223132877552046081
1263817161203757056
1260573071968210944
1237847019252633602
1236034324526510081
1220958884459794432
1248395665484308481
1265369561207111682
1254087115094327296
1240679289936281612
1259105841787154432
1257969855862431745
1222878058039926790
1247471945475481600
1248918726084153344
1256174753649311746
1255161624157196290
1260604129241636864
1237837782296326145
1234890804705013762
1265707409999384578
1255726520515072000
1257690034850988032
1240396592043249665
1257312338379591688
1221863675314597890
1247627235156262912
1222546918997233666
1250448351012716549
1241053377443872769
1257298505086967808
1235292849362657280
1245387025605447681
1247916536205053961
1240777645127688193
1246769555227185152
1238495452141629441
1262111408436785153
1235259274843963392
1261304085896183809
1243679920355770375
1253420998612975616
1239949639387942914
1239584436267745280
1221806489955786753
1236856047765082113
1252620263423905792
1235227252922568704
1234890121209450496
1256244200988786689
1242528741441425408
1250310385888002048
1242471734873174023
1221420416725438464
1240598648620224512
1257105163891990535
1223179338754875394
1237121649058578432
1243472076788228096
1250408534509907969
1250846423685435392
1264946087594508288
1243917769999073282
1223049873563348992
1246081181902409733
1263545098161336328
1244860220372848640
1257298383905030151
1247230097020661770
1237171902445236224
1250593863884046336
1252025038443819010
1264992562697441282
1245753007741886464
1243322317838704642
1250151364858175488
