12
17
2
11
5
5
1
9
4
5
4
14
8
15
3
2
10
11
8
2
13
11
4
2
1
10
8
28
34
6
2
19
11
2
7
5
2
29
1
3
16
7
2
7
13
11
3
28
10
3
2
1
1
15
7
3
3
2
5
14
3
5
2
15
13
4
8
2
3
3
32
24
11
7
10
6
6
4
18
17
16
2
6
7
3
7
11
4
6
14
4
2
4
4
38
1
9
9
57
32
2
2
3
2
3
33
12
16
4
11
10
2
3
2
23
12
5
5
8
5
7
1
3
22
5
11
3
4
17
11
5
42
25
9
2
6
28
34
110
8
9
8
53
50
17
94
21
25
67
28
17
38
21
11
36
20
7
10
35
23
39
91
14
11
22
35
25
30
12
129
371
31
16
17
18
14
14
14
5
20
27
24
40
42
31
118
34
35
27
47
31
19
35
100
84
25
70
20
45
17
4
45
54
26
35
78
58
29
9
74
33
48
19
105
45
55
112
99
73
42
13
45
19
31
7
500
52
24
24
41
206
24
47
42
30
63
61
66
23
28
63
412
64
30
21
3
13
2
8
11
8
19
8
7
22
10
14
48
2
20
5
14
26
19
4
7
4
5
16
21
23
30
3
4
5
20
3
14
13
12
3
8
25
9
1
27
5
9
1
12
5
7
4
1
5
3
15
4
17
10
4
10
23
11
13
4
5
10
3
3
2
2
4
5
2
10
13
6
8
17
9
2
38
1
20
10
12
11
4
15
1
1
1
6
14
20
35
24
15
128
13
9
12
2
11
5
8
19
1
13
3
5
5
1
3
2
21
4
29
11
3
1
1
11
17
3
2
3
3
5
13
3
4
60
5
1
3
4
2
32
1
32
33
2
6
1
38
33
16
37
6
2
12
12
4
22
69
228
1
5
10
41
39
38
19
18
32
61
4
36
127
12
55
5
32
218
79
13
113
25
40
38
28
103
58
35
32
1
11
2
41
9
28
85
55
45
30
72
7
6
73
58
31
2
9
34
272
49
4
29
48
57
42
4
5
1
3
92
50
11
64
50
36
55
56
1
149
36
43
24
22
120
2
55
1
35
45
25
500
79
34
15
197
27
4
500
34
86
33
54
16
39
5
1
35
24
4
14
17
25
23
43
29
26
87
3
26
3
21
45
44
27
4
2
45
26
2
9
37
46
33
38
15
5
2
14
365
67
34
71
38
164
54
55
31
2
1
74
19
79
194
5
24
37
38
28
64
35
12
22
20
17
2
46
34
34
40
31
25
23
53
60
33
37
45
28
49
10
23
29
28
39
23
112
1
31
24
1
38
31
26
32
2
2
7
53
214
43
18
17
2
27
13
13
22
18
27
20
8
25
21
11
23
35
8
1
1
8
22
14
10
20
9
9
31
28
30
36
3
30
24
21
14
39
14
39
32
1
45
24
55
18
3
62
83
114
21
18
59
88
18
17
10
31
70
46
88
4
77
44
17
1
56
1
2
80
10
95
50
20
11
22
26
21
15
32
7
24
25
29
15
5
30
31
1
40
12
29
51
105
27
28
28
25
24
4
2
1
30
12
15
29
22
9
52
34
22
34
21
1
40
40
56
189
32
76
59
60
52
80
60
47
35
88
53
51
13
31
18
500
148
13
354
72
22
9
17
358
131
8
10
18
35
2
41
500
500
500
4
6
4
1
134
5
7
28
14
500
37
9
1
4
9
288
3
21
497
12
13
8
13
9
7
47
35
500
5
22
20
12
5
75
18
3
54
5
4
190
47
316
10
4
500
498
16
6
11
497
486
497
7
10
27
10
1
14
4
31
497
11
12
11
10
18
12
11
2
498
7
11
11
13
12
7
490
500
178
490
492
11
489
142
24
8
13
14
12
500
38
416
315
11
27
108
13
5
4
7
500
262
500
28
499
500
135
24
80
500
14
467
8
65
207
24
11
8
4
3
8
10
14
314
10
3
23
9
4
498
6
36
9
3
12
487
11
11
12
500
53
20
2
500
2
497
56
25
1
12
1
20
2
105
2
9
13
487
359
31
54
37
146
8
25
1
13
8
10
18
11
18
201
142
9
10
500
19
44
488
126
198
6
70
48
30
7
58
38
475
500
9
499
51
4
8
7
4
497
17
500
7
11
6
2
8
2
25
38
80
490
13
8
10
27
500
10
17
11
20
6
3
14
5
24
15
5
7
4
498
5
6
20
499
5
1
77
2
37
15
495
15
7
39
500
51
38
14
4
9
196
246
12
500
5
10
14
495
2
14
9
4
12
16
2
6
59
11
7
25
4
1
3
1
1
3
2
2
1
1
